1997	1242	0	MR-APA	325.994332523	0.933183382324
1997	1242	1	MR-APPA	172.889173501	0.9710516726
1997	1242	2	MR-APAPA	39.8776525509	0.95576557188
1997	1242	3	MR-APVPA	25.0808175733	0.744801680982
1997	1242	4	MR-project	22.5160208746	0.74456416611
1997	1242	5	R-Sub-APA	142.861589207	28.9588160243	14.5144410626	0.802640881898
1997	1242	6	R-Sub-APPA	430.984348437	0.322089971916	17.0040350673	0.747572474044
1997	1242	7	R-Sub-APAPA	399.272739989	53.1837247377	16.4178340316	0.750613952314
1997	1242	8	R-Sub-APVPA	282.792382247	88.9144175044	2.00742613731	0.926700064269
1997	1242	9	MLTM-R-S-1-2	283.841328711	87.2162554198	0.927573733837
1997	1242	10	MLTM-R-S-1-3	316.585853981	3.10461387497	0.932938525489
1997	1242	11	MLTM-R-S-1-4	427.105079436	16.1012490984	0.755746994358
1997	1242	12	MLTM-R-S-2-3	137.856263375	31.2972560359	0.943658960959
1997	1242	13	MLTM-R-S-2-4	216.751314636	16.3761306651	0.798842807394
1997	1242	14	MLTM-R-S-3-4	44.8704130962	17.1835139946	0.782469681731
1997	1242	15	MLTM-R	401.573324167	52.6023149869	0.061420950539	16.7976990196	0.747939417261
1998	1242	0	MR-APA	344.526279959	0.9298775926
1998	1242	1	MR-APPA	208.471053557	0.965546288023
1998	1242	2	MR-APAPA	54.6691735503	0.938574716182
1998	1242	3	MR-APVPA	18.5149985482	0.78384905251
1998	1242	4	MR-project	16.6299809354	0.785520704084
1998	1242	5	R-Sub-APA	92.1576040817	46.9133856247	5.09632668287	0.882861211367
1998	1242	6	R-Sub-APPA	395.230159726	4.96746133407	10.5877933324	0.800589954269
1998	1242	7	R-Sub-APAPA	391.589112884	86.1379122555	7.61643840065	0.826963722581
1998	1242	8	R-Sub-APVPA	308.867938988	101.559145018	9.35966650203	0.911951716115
1998	1242	9	MLTM-R-S-1-2	332.611612811	104.696558454	0.915726825986
1998	1242	10	MLTM-R-S-1-3	288.593650792	17.9489573568	0.922084352338
1998	1242	11	MLTM-R-S-1-4	405.71972678	9.63565810167	0.813047426537
1998	1242	12	MLTM-R-S-2-3	105.425907245	46.0515728887	0.931549191819
1998	1242	13	MLTM-R-S-2-4	198.497785871	6.48253978433	0.89618608874
1998	1242	14	MLTM-R-S-3-4	54.0490213855	7.67533510723	0.858519992443
1998	1242	15	MLTM-R	386.621862785	81.6972359261	3.08395775734	8.32279225266	0.818588865694
1999	1242	0	MR-APA	483.046456689	0.916517822372
1999	1242	1	MR-APPA	512.720370015	0.930662211621
1999	1242	2	MR-APAPA	82.7546834864	0.918732661492
1999	1242	3	MR-APVPA	26.7557438972	0.719979000789
1999	1242	4	MR-project	24.5481200698	0.716296677079
1999	1242	5	R-Sub-APA	299.291362662	54.2634224703	3.38632377223	0.879756172301
1999	1242	6	R-Sub-APPA	560.065165531	16.4423512485	15.3043140181	0.738382814185
1999	1242	7	R-Sub-APAPA	543.971126231	227.455866997	6.49321206046	0.816088374919
1999	1242	8	R-Sub-APVPA	399.850600104	270.985513015	16.9258156395	0.879361430273
1999	1242	9	MLTM-R-S-1-2	465.566041199	280.839259021	0.88208769134
1999	1242	10	MLTM-R-S-1-3	356.216349201	39.2457481046	0.900736474707
1999	1242	11	MLTM-R-S-1-4	617.398169209	14.3348696127	0.751549224656
1999	1242	12	MLTM-R-S-2-3	319.047774278	52.5662133908	0.904817006844
1999	1242	13	MLTM-R-S-2-4	505.116790543	3.89907448608	0.897692148805
1999	1242	14	MLTM-R-S-3-4	83.9504451982	11.3561379869	0.807164246185
1999	1242	15	MLTM-R	513.825744916	211.07451829	9.41355807276	7.75763329961	0.802326245222
2000	1242	0	MR-APA	396.28573575	0.935066828135
2000	1242	1	MR-APPA	466.993205781	0.930455644054
2000	1242	2	MR-APAPA	49.4635995696	0.947200182182
2000	1242	3	MR-APVPA	32.5085350491	0.656340428379
2000	1242	4	MR-project	26.2751615043	0.689150807573
2000	1242	5	R-Sub-APA	434.891529427	2.94354154252	9.69018107109	0.830245647333
2000	1242	6	R-Sub-APPA	501.74383818	0.966295093692	23.5272780961	0.676263659457
2000	1242	7	R-Sub-APAPA	262.543551269	307.443624526	13.3397940638	0.770768465847
2000	1242	8	R-Sub-APVPA	137.509790434	392.757079667	4.41476201569e-06	0.919992287065
2000	1242	9	MLTM-R-S-1-2	137.115314184	392.238436722	0.918770422515
2000	1242	10	MLTM-R-S-1-3	283.11073242	18.0018352351	0.93497418966
2000	1242	11	MLTM-R-S-1-4	497.862128359	21.2060156531	0.698762200295
2000	1242	12	MLTM-R-S-2-3	467.231592468	0.167091826723	0.931593940647
2000	1242	13	MLTM-R-S-2-4	457.823113284	6.88911350868	0.860773396442
2000	1242	14	MLTM-R-S-3-4	44.4130379936	22.6241193033	0.71737878907
2000	1242	15	MLTM-R	264.342188867	306.596557199	0.00205363655146	13.5878198622	0.769269186306
2001	1242	0	MR-APA	631.117201366	0.90694493492
2001	1242	1	MR-APPA	431.752961291	0.931252073013
2001	1242	2	MR-APAPA	82.0485109173	0.91888729875
2001	1242	3	MR-APVPA	21.5058707035	0.760457179981
2001	1242	4	MR-project	19.3214869792	0.762628355873
2001	1242	5	R-Sub-APA	237.161199852	61.2278273929	3.56969994469	0.872370211304
2001	1242	6	R-Sub-APPA	722.024852191	3.10082460085	11.2237922819	0.775216590637
2001	1242	7	R-Sub-APAPA	685.020304995	181.879431922	4.97655590151	0.825046055273
2001	1242	8	R-Sub-APVPA	601.472396667	224.339131298	3.1187537125	0.875385778572
2001	1242	9	MLTM-R-S-1-2	616.560914617	222.824781484	0.875175721589
2001	1242	10	MLTM-R-S-1-3	541.888827663	18.6721671056	0.90232646572
2001	1242	11	MLTM-R-S-1-4	734.3721646	10.225818847	0.78577285833
2001	1242	12	MLTM-R-S-2-3	266.349899019	60.6724201286	0.898985952241
2001	1242	13	MLTM-R-S-2-4	390.574636537	5.36315394101	0.881395477415
2001	1242	14	MLTM-R-S-3-4	77.2876181011	8.66392839276	0.834344724633
2001	1242	15	MLTM-R	677.799546615	173.015333736	2.2379660227	6.05821415364	0.813996053668
2002	1242	0	MR-APA	655.916827392	0.909503181169
2002	1242	1	MR-APPA	431.576402925	0.934201014014
2002	1242	2	MR-APAPA	66.6780675704	0.931458028487
2002	1242	3	MR-APVPA	18.9734395269	0.792950172864
2002	1242	4	MR-project	17.4976574945	0.789631181821
2002	1242	5	R-Sub-APA	247.598600752	50.1806698005	2.48603946914	0.89517995905
2002	1242	6	R-Sub-APPA	750.207232207	0.152997610506	8.18813708051	0.817111988868
2002	1242	7	R-Sub-APAPA	685.683322991	179.997761814	3.03317486539	0.856719715809
2002	1242	8	R-Sub-APVPA	633.927465674	209.609390586	0.227628883796	0.882961163036
2002	1242	9	MLTM-R-S-1-2	633.11850862	208.682753552	0.882081714172
2002	1242	10	MLTM-R-S-1-3	653.134070558	1.69094698545	0.909454876731
2002	1242	11	MLTM-R-S-1-4	745.802130658	7.80464138076	0.820694430765
2002	1242	12	MLTM-R-S-2-3	267.663788307	48.6392335588	0.910343235965
2002	1242	13	MLTM-R-S-2-4	410.092024269	3.22832246788	0.909478832534
2002	1242	14	MLTM-R-S-3-4	65.7431936411	7.10514617633	0.863131826681
2002	1242	15	MLTM-R	690.359655527	177.523478527	0.0813613257909	3.32786685895	0.854230349754
2007	1618	0	MR-APA	678.904173734	0.941175736065
2007	1618	1	MR-APPA	445.013304417	0.961807515944
2007	1618	2	MR-APAPA	69.7135110996	0.928195158959
2007	1618	3	MR-APVPA	40.9184968619	0.59680085096
2007	1618	4	MR-project	37.7355316012	0.592576113875
2007	1618	5	R-Sub-APA	336.680374325	71.6042768444	35.2015825274	0.575783300005
2007	1618	6	R-Sub-APPA	1461.98685583	7.37469024114	32.0534292139	0.573340286306
2007	1618	7	R-Sub-APAPA	1503.16902567	160.267263126	30.7441189752	0.575145940853
2007	1618	8	R-Sub-APVPA	621.005467566	445.221535846	22.5245579602	0.891296193899
2007	1618	9	MLTM-R-S-1-2	728.385360565	380.447356632	0.907423236428
2007	1618	10	MLTM-R-S-1-3	594.696425661	26.8885359388	0.92175169352
2007	1618	11	MLTM-R-S-1-4	1482.58032185	31.0576317198	0.583645833143
2007	1618	12	MLTM-R-S-2-3	629.346957679	63.9042866283	0.889982440344
2007	1618	13	MLTM-R-S-2-4	319.520604416	40.4158349055	0.580425414579
2007	1618	14	MLTM-R-S-3-4	70.8246769343	33.5516970662	0.608958172871
2007	1618	15	MLTM-R	1477.29687145	169.030863079	6.56415278859	31.5216899161	0.566984601333
2008	1618	0	MR-APA	2943.37068242	0.788375869354
2008	1618	1	MR-APPA	1546.8314755	0.873998548946
2008	1618	2	MR-APAPA	215.602801976	0.821929509176
2008	1618	3	MR-APVPA	20.7242237151	0.772798278941
2008	1618	4	MR-project	19.1657202756	0.770424722733
2008	1618	5	R-Sub-APA	241.427000068	183.052484468	7.86456261145	0.753527824729
2008	1618	6	R-Sub-APPA	4533.12579089	0.902830652303	8.7236790278	0.618839657636
2008	1618	7	R-Sub-APAPA	4537.36286447	10.9436471444	8.70851139449	0.617478106968
2008	1618	8	R-Sub-APVPA	2795.0264562	522.554743502	59.1041625247	0.719861913
2008	1618	9	MLTM-R-S-1-2	3075.08146645	459.237744315	0.746270177512
2008	1618	10	MLTM-R-S-1-3	2664.52401886	66.9855101408	0.758245051075
2008	1618	11	MLTM-R-S-1-4	4527.61356218	8.71949867809	0.618554065332
2008	1618	12	MLTM-R-S-2-3	695.369580487	212.800036358	0.77691529211
2008	1618	13	MLTM-R-S-2-4	539.03221697	19.5914012873	0.7398705933
2008	1618	14	MLTM-R-S-3-4	176.902325783	8.18978033638	0.771282639379
2008	1618	15	MLTM-R	4545.65638565	15.0306238427	0.839406933927	8.708060825	0.617413752101
1989	247	0	MR-APA	719.068313638	0.715381205329
1989	247	1	MR-APPA	0.0407524919034	1.00028353523
1989	247	2	MR-APAPA	311.200427682	0.75152366816
1989	247	3	MR-APVPA	29.6757671244	0.507796132906
1989	247	4	MR-project	27.493006566	0.503708891781
1989	247	5	R-Sub-APA	0.00173026507905	200.397371454	23.7047339424	0.467738546383
1989	247	6	R-Sub-APPA	569.417808896	5.12858766835	17.0541594959	0.497534907096
1989	247	7	R-Sub-APAPA	573.765855395	0.0125703687	16.9800766433	0.499780173202
1989	247	8	R-Sub-APVPA	684.951296914	0.0326509149738	19.2838741902	0.712209349199
1989	247	9	MLTM-R-S-1-2	719.309445999	0.0315466925355	0.715575691985
1989	247	10	MLTM-R-S-1-3	684.717243488	19.2468434065	0.71204571849
1989	247	11	MLTM-R-S-1-4	573.584625077	16.9751696176	0.499651699827
1989	247	12	MLTM-R-S-2-3	0.0408635655538	311.3093599	0.751727558056
1989	247	13	MLTM-R-S-2-4	0.0115038581949	29.6996117067	0.50772765249
1989	247	14	MLTM-R-S-3-4	200.333382861	23.698830364	0.467603856343
1989	247	15	MLTM-R	569.583996358	0.0117191763908	5.13763437359	17.0589754986	0.497661613881
1990	247	0	MR-APA	1044.42335257	0.662361212211
1990	247	1	MR-APPA	1369.16627641	0.804519145536
1990	247	2	MR-APAPA	283.091038526	0.780686440211
1990	247	3	MR-APVPA	31.9153479266	0.509249077495
1990	247	4	MR-project	33.5474253104	0.453997440588
1990	247	5	R-Sub-APA	5.6536625681	278.878988645	21.8950327951	0.489121448882
1990	247	6	R-Sub-APPA	969.249930387	34.940804803	15.4943810839	0.44919897228
1990	247	7	R-Sub-APAPA	1029.16251949	2.67731033522	14.5803033018	0.465136163487
1990	247	8	R-Sub-APVPA	1013.02041157	1.31736700552	20.5854752471	0.657874087403
1990	247	9	MLTM-R-S-1-2	1044.33707344	1.8997586489	0.662293096699
1990	247	10	MLTM-R-S-1-3	1012.81169229	20.6618151157	0.65785713567
1990	247	11	MLTM-R-S-1-4	1029.27642383	14.5720109702	0.465413581239
1990	247	12	MLTM-R-S-2-3	2.55366526872	282.964013372	0.780567938795
1990	247	13	MLTM-R-S-2-4	3225.46037792	23.8233129822	0.371092964792
1990	247	14	MLTM-R-S-3-4	278.287683369	21.8493844409	0.490546633993
1990	247	15	MLTM-R	969.249186285	2.34884427989	34.8627011805	15.4974530517	0.449072103262
1991	247	0	MR-APA	824.098102645	0.74662597864
1991	247	1	MR-APPA	657.483202366	0.886302369877
1991	247	2	MR-APAPA	302.42618215	0.782788532616
1991	247	3	MR-APVPA	24.4209698731	0.603366352193
1991	247	4	MR-project	24.4408308036	0.576936542667
1991	247	5	R-Sub-APA	287.46605684	276.677047206	13.1281050116	0.575635174622
1991	247	6	R-Sub-APPA	800.293201878	12.2155860042	7.00427637656	0.648406425751
1991	247	7	R-Sub-APAPA	825.239638645	25.0583260697	6.72443165141	0.649369204828
1991	247	8	R-Sub-APVPA	825.830404659	134.127380121	4.22241094655	0.72086742358
1991	247	9	MLTM-R-S-1-2	833.618889048	124.240639232	0.722146598283
1991	247	10	MLTM-R-S-1-3	814.164739787	9.14034464169	0.743629179226
1991	247	11	MLTM-R-S-1-4	817.776866786	6.57782031068	0.65787818107
1991	247	12	MLTM-R-S-2-3	285.853730959	305.522136357	0.741698958323
1991	247	13	MLTM-R-S-2-4	707.487432542	21.6776716549	0.550423642794
1991	247	14	MLTM-R-S-3-4	276.523527625	13.2346761408	0.611020310768
1991	247	15	MLTM-R	814.023498265	45.5534439452	8.70506114648	7.26541897683	0.635484808677
1992	247	0	MR-APA	881.53791468	0.761537429295
1992	247	1	MR-APPA	1241.97454993	0.831723110231
1992	247	2	MR-APAPA	340.521045476	0.759763826854
1992	247	3	MR-APVPA	16.6799032074	0.760547662987
1992	247	4	MR-project	18.5411620653	0.714604285795
1992	247	5	R-Sub-APA	3.26329135941	283.069061927	7.51293574479	0.704843580866
1992	247	6	R-Sub-APPA	842.297674423	11.7549902578	4.1458495989	0.720337468457
1992	247	7	R-Sub-APAPA	861.480531185	2.43890715328	4.14030680355	0.723226306086
1992	247	8	R-Sub-APVPA	865.756311844	0.691277820618	11.272767644	0.757892182312
1992	247	9	MLTM-R-S-1-2	881.953626089	1.16616799893	0.761469381863
1992	247	10	MLTM-R-S-1-3	865.311240946	11.3546030177	0.757817669109
1992	247	11	MLTM-R-S-1-4	861.098561626	4.12433870932	0.723731672946
1992	247	12	MLTM-R-S-2-3	0.996342719811	340.922795914	0.759653846284
1992	247	13	MLTM-R-S-2-4	706.954964699	15.6064366053	0.6795614098
1992	247	14	MLTM-R-S-3-4	282.236455804	7.50806181708	0.705561783697
1992	247	15	MLTM-R	842.891245046	1.08681301108	11.6012820566	4.14876972704	0.720316536489
1993	247	0	MR-APA	1257.78940511	0.688656242202
1993	247	1	MR-APPA	344.097023315	0.934876930225
1993	247	2	MR-APAPA	453.353798817	0.702637109504
1993	247	3	MR-APVPA	40.9596787055	0.580372165527
1993	247	4	MR-project	40.3543060742	0.546945980696
1993	247	5	R-Sub-APA	96.4599306261	367.89378778	21.6631071331	0.540519668794
1993	247	6	R-Sub-APPA	1180.82982981	41.7257576298	11.6072057523	0.570869367461
1993	247	7	R-Sub-APAPA	1268.45455074	12.8864168817	10.5742819893	0.585927319713
1993	247	8	R-Sub-APVPA	1216.43457788	70.5900916222	27.9592895833	0.668522604604
1993	247	9	MLTM-R-S-1-2	1266.20867022	62.3471581272	0.677078640129
1993	247	10	MLTM-R-S-1-3	1208.63870097	28.8885782419	0.680229850637
1993	247	11	MLTM-R-S-1-4	1264.78075724	10.6320666882	0.58782454073
1993	247	12	MLTM-R-S-2-3	112.961489962	455.21129798	0.68776325717
1993	247	13	MLTM-R-S-2-4	321.325215127	39.5708437958	0.550705703973
1993	247	14	MLTM-R-S-3-4	363.966121251	21.7031973961	0.552817769534
1993	247	15	MLTM-R	1186.37406335	16.4041602765	40.9932679617	11.5233490671	0.568858402191
1994	247	0	MR-APA	944.83997547	0.77633739416
1994	247	1	MR-APPA	970.667709635	0.87156097817
1994	247	2	MR-APAPA	241.166383385	0.802435933911
1994	247	3	MR-APVPA	25.9397352491	0.694561079294
1994	247	4	MR-project	25.0385289812	0.676074005988
1994	247	5	R-Sub-APA	578.261697929	94.5594792472	18.0170685809	0.642031896965
1994	247	6	R-Sub-APPA	769.305395634	13.2217234074	12.6682103754	0.664543910019
1994	247	7	R-Sub-APAPA	778.522142873	209.723988243	12.286284106	0.648299658278
1994	247	8	R-Sub-APVPA	924.015058807	174.158032801	12.2892890096	0.747542824963
1994	247	9	MLTM-R-S-1-2	937.8772461	166.413323271	0.754083697368
1994	247	10	MLTM-R-S-1-3	927.836613921	18.6839356719	0.765814572424
1994	247	11	MLTM-R-S-1-4	808.447905662	12.3308053516	0.669036208842
1994	247	12	MLTM-R-S-2-3	330.150883841	218.490503436	0.777452205541
1994	247	13	MLTM-R-S-2-4	1160.32646795	21.8485003988	0.619230261999
1994	247	14	MLTM-R-S-3-4	130.527312063	18.1468324054	0.680046414038
1994	247	15	MLTM-R	748.019866369	215.952210708	7.70706186906	12.3251223111	0.648861087436
1995	247	0	MR-APA	904.24696629	0.81540685708
1995	247	1	MR-APPA	1214.83704804	0.861650941557
1995	247	2	MR-APAPA	186.594448662	0.845849491748
1995	247	3	MR-APVPA	14.7982559639	0.799644496464
1995	247	4	MR-project	15.4548223803	0.774224741903
1995	247	5	R-Sub-APA	788.082863429	154.437513453	6.33363581646	0.718001977991
1995	247	6	R-Sub-APPA	949.619829604	0.755226979356	4.2695957458	0.762312396229
1995	247	7	R-Sub-APAPA	925.884498964	329.933549732	3.73327026186	0.733413126549
1995	247	8	R-Sub-APVPA	883.889002056	393.620395509	0.000443715033085	0.772326606901
1995	247	9	MLTM-R-S-1-2	882.767859714	393.18000004	0.771345677349
1995	247	10	MLTM-R-S-1-3	906.207793058	1.29556556567	0.815199743357
1995	247	11	MLTM-R-S-1-4	947.774753047	4.14793298822	0.763737801722
1995	247	12	MLTM-R-S-2-3	811.819850436	182.015245796	0.770340713873
1995	247	13	MLTM-R-S-2-4	1348.56240455	11.332449495	0.710472350304
1995	247	14	MLTM-R-S-3-4	161.428125431	7.43338509861	0.775810789238
1995	247	15	MLTM-R	926.993598394	330.315468771	5.19636558987e-07	3.7377662204	0.734291275483
1996	247	0	MR-APA	809.045393294	0.837022660183
1996	247	1	MR-APPA	1302.73113197	0.85721414164
1996	247	2	MR-APAPA	158.655747068	0.855857363933
1996	247	3	MR-APVPA	18.5409334513	0.80436667171
1996	247	4	MR-project	18.4140761285	0.784951967144
1996	247	5	R-Sub-APA	827.544887452	108.081450067	7.62034405109	0.745169893853
1996	247	6	R-Sub-APPA	817.135627353	4.61289725519	4.58607001359	0.794719115728
1996	247	7	R-Sub-APAPA	827.969360807	35.8028135604	4.35580393336	0.793274733246
1996	247	8	R-Sub-APVPA	766.519761942	228.951081779	0.497937493226	0.815882121719
1996	247	9	MLTM-R-S-1-2	767.590902069	230.196854883	0.814688351473
1996	247	10	MLTM-R-S-1-3	796.641791539	4.21406992878	0.836725210058
1996	247	11	MLTM-R-S-1-4	832.720030674	4.29406894914	0.79780350211
1996	247	12	MLTM-R-S-2-3	752.209691819	128.743953036	0.801937277184
1996	247	13	MLTM-R-S-2-4	1484.06048837	14.1359951935	0.712893185006
1996	247	14	MLTM-R-S-3-4	136.979371217	8.07791701489	0.799476989551
1996	247	15	MLTM-R	791.694278663	209.895928715	0.308297580912	4.37838068882	0.778882239811
1997	247	0	MR-APA	869.881538235	0.831689216985
1997	247	1	MR-APPA	821.349447151	0.896017162287
1997	247	2	MR-APAPA	160.167463124	0.855593006929
1997	247	3	MR-APVPA	16.9759194799	0.821095076474
1997	247	4	MR-project	16.9631708367	0.802345611283
1997	247	5	R-Sub-APA	274.387940984	143.727580107	6.04910666245	0.787093682398
1997	247	6	R-Sub-APPA	892.692812156	2.63214840974	4.05096039522	0.795700794478
1997	247	7	R-Sub-APAPA	898.837058321	12.9752341876	3.84959795486	0.796182376716
1997	247	8	R-Sub-APVPA	858.000532778	98.5205122268	0.639814533953	0.820955388437
1997	247	9	MLTM-R-S-1-2	860.287896247	97.5090454227	0.820007399112
1997	247	10	MLTM-R-S-1-3	863.808731039	2.60136688497	0.831652005265
1997	247	11	MLTM-R-S-1-4	899.449079155	3.88537869645	0.797317870305
1997	247	12	MLTM-R-S-2-3	305.46421263	150.140356516	0.827948802719
1997	247	13	MLTM-R-S-2-4	852.620145897	13.9864777378	0.759826161059
1997	247	14	MLTM-R-S-3-4	151.127209799	6.4733769798	0.808258252954
1997	247	15	MLTM-R	893.675388158	23.5092213155	1.72673719795	3.95792064333	0.794226068805
1998	247	0	MR-APA	587.443075462	0.883650393563
1998	247	1	MR-APPA	1264.32594832	0.857736679358
1998	247	2	MR-APAPA	90.2095439298	0.90543019348
1998	247	3	MR-APVPA	13.1637644937	0.844447589159
1998	247	4	MR-project	12.7182184157	0.834343214916
1998	247	5	R-Sub-APA	1196.11364645	66.549640728	5.84793111265	0.75396130823
1998	247	6	R-Sub-APPA	605.28375728	0.537563257963	5.54030205652	0.826823372484
1998	247	7	R-Sub-APAPA	551.089387931	883.067106776	4.45931607666	0.753772276911
1998	247	8	R-Sub-APVPA	542.515811753	858.610618044	7.33584234335e-06	0.797053235528
1998	247	9	MLTM-R-S-1-2	541.764938268	857.466398348	0.795948940093
1998	247	10	MLTM-R-S-1-3	587.236083493	0.672657256102	0.884347974705
1998	247	11	MLTM-R-S-1-4	605.44575353	5.38506162649	0.827844244462
1998	247	12	MLTM-R-S-2-3	1141.67803508	78.9778454321	0.802136060478
1998	247	13	MLTM-R-S-2-4	1462.41776369	10.1924831253	0.736877565021
1998	247	14	MLTM-R-S-3-4	74.8913822624	7.26776112716	0.845170122408
1998	247	15	MLTM-R	551.811927295	884.297389243	4.42329017217e-07	4.46517782106	0.754759515408
1999	247	0	MR-APA	585.780246817	0.899766197278
1999	247	1	MR-APPA	727.747982997	0.908549606347
1999	247	2	MR-APAPA	69.8111802954	0.929667920739
1999	247	3	MR-APVPA	12.5771281942	0.863248355465
1999	247	4	MR-project	11.8868457307	0.857367248241
1999	247	5	R-Sub-APA	119.004481528	56.3358051017	7.18776084409	0.857312872594
1999	247	6	R-Sub-APPA	594.062302113	1.0695278198	5.08009794794	0.853013942901
1999	247	7	R-Sub-APAPA	598.18560809	4.133834151	4.82262839036	0.854592878723
1999	247	8	R-Sub-APVPA	586.192502229	45.5085248874	0.0882324687556	0.89445963706
1999	247	9	MLTM-R-S-1-2	587.319831823	15.7474152201	0.897364977329
1999	247	10	MLTM-R-S-1-3	582.590515883	0.969381164557	0.900595682448
1999	247	11	MLTM-R-S-1-4	598.430992994	4.82707770797	0.854917892879
1999	247	12	MLTM-R-S-2-3	212.833202328	68.0629702872	0.904023777662
1999	247	13	MLTM-R-S-2-4	578.511335159	10.6178665366	0.815789173087
1999	247	14	MLTM-R-S-3-4	57.4271792505	7.04439054393	0.873236327385
1999	247	15	MLTM-R	593.998947571	3.34832072736	1.04762490183	5.07369504758	0.852814659162
2002	2874	0	MR-APA	906.468013096	0.87758023882
2002	2874	1	MR-APPA	538.865074967	0.92097802328
2002	2874	2	MR-APAPA	100.263326856	0.903152787699
2002	2874	3	MR-APVPA	56.7335960837	0.477880424406
2002	2874	4	MR-project	47.6060290364	0.50658510328
2002	2874	5	R-Sub-APA	150.32283442	122.538414382	28.322001899	0.606918402532
2002	2874	6	R-Sub-APPA	1463.10275016	10.5052155632	40.0627693563	0.455294637109
2002	2874	7	R-Sub-APAPA	1445.29341571	118.734219266	29.2656918082	0.532329138322
2002	2874	8	R-Sub-APVPA	823.506048432	220.827253604	29.6503401523	0.833352717386
2002	2874	9	MLTM-R-S-1-2	1008.71072977	217.952918929	0.835222575089
2002	2874	10	MLTM-R-S-1-3	618.95967253	49.5242965444	0.870167787388
2002	2874	11	MLTM-R-S-1-4	1450.46281255	33.697924573	0.509558705118
2002	2874	12	MLTM-R-S-2-3	224.58717743	96.3492480111	0.876997346105
2002	2874	13	MLTM-R-S-2-4	488.138573754	23.9881356103	0.684404879497
2002	2874	14	MLTM-R-S-3-4	124.66045529	34.5138533274	0.572229046169
2002	2874	15	MLTM-R	1452.54450533	106.171386967	10.8947333887	36.027348311	0.475090064844
2003	2874	0	MR-APA	604.75131572	0.920232088268
2003	2874	1	MR-APPA	552.227865292	0.923747012299
2003	2874	2	MR-APAPA	67.275542301	0.928137859782
2003	2874	3	MR-APVPA	43.2360409704	0.59640485836
2003	2874	4	MR-project	38.035411085	0.602114535685
2003	2874	5	R-Sub-APA	343.255759451	48.8851900827	12.9688405345	0.778295195852
2003	2874	6	R-Sub-APPA	686.34994979	14.9232854009	31.4599740099	0.611117799544
2003	2874	7	R-Sub-APAPA	707.26366363	306.523073486	19.4044518343	0.68646224197
2003	2874	8	R-Sub-APVPA	456.405645779	384.114756206	15.2598405442	0.874330950815
2003	2874	9	MLTM-R-S-1-2	563.71978487	378.331700152	0.875671702544
2003	2874	10	MLTM-R-S-1-3	319.794768028	43.8442484305	0.911961246988
2003	2874	11	MLTM-R-S-1-4	787.984801099	25.4133535214	0.660387140378
2003	2874	12	MLTM-R-S-2-3	399.717848419	48.2110857586	0.895409499874
2003	2874	13	MLTM-R-S-2-4	505.491487872	15.1056583165	0.779205700201
2003	2874	14	MLTM-R-S-3-4	60.2473663974	26.866805618	0.684255841383
2003	2874	15	MLTM-R	644.168063471	294.58265705	11.588373152	25.0577995369	0.638364572679
2004	2874	0	MR-APA	533.136864591	0.934964851866
2004	2874	1	MR-APPA	447.648146589	0.94247841057
2004	2874	2	MR-APAPA	50.0650635712	0.944534404059
2004	2874	3	MR-APVPA	23.640655579	0.766527913472
2004	2874	4	MR-project	18.3623908964	0.795486648262
2004	2874	5	R-Sub-APA	289.113152684	30.439628004	3.60180086761	0.901976485914
2004	2874	6	R-Sub-APPA	437.424714034	12.867233397	13.5229909403	0.80506969923
2004	2874	7	R-Sub-APAPA	447.420196834	285.474924872	4.3900486746	0.873756405741
2004	2874	8	R-Sub-APVPA	305.005445904	311.35481286	13.2136625157	0.91039773068
2004	2874	9	MLTM-R-S-1-2	413.340974282	323.545653757	0.909102271326
2004	2874	10	MLTM-R-S-1-3	230.841248215	36.804606437	0.931921060235
2004	2874	11	MLTM-R-S-1-4	554.122445207	10.7964204777	0.829825537594
2004	2874	12	MLTM-R-S-2-3	318.570082124	30.9539389055	0.925699738664
2004	2874	13	MLTM-R-S-2-4	416.806535887	4.97309990588	0.901845633611
2004	2874	14	MLTM-R-S-3-4	41.9982197258	10.2420606015	0.855944431656
2004	2874	15	MLTM-R	385.102679837	262.478253513	7.81404554521	6.07804738847	0.859133708589
2005	2874	0	MR-APA	967.88155611	0.899974270856
2005	2874	1	MR-APPA	663.376618537	0.934418644211
2005	2874	2	MR-APAPA	75.4293449451	0.922145154747
2005	2874	3	MR-APVPA	25.3762015219	0.756477041152
2005	2874	4	MR-project	21.033486623	0.773805811023
2005	2874	5	R-Sub-APA	419.134390758	51.5450032782	3.54407383599	0.880743601754
2005	2874	6	R-Sub-APPA	1125.17550398	0.825453707595	10.915998811	0.788318135543
2005	2874	7	R-Sub-APAPA	1051.09520917	230.553207967	5.90899435751	0.821849959088
2005	2874	8	R-Sub-APVPA	881.646405217	298.395009999	10.1941756347	0.871923768408
2005	2874	9	MLTM-R-S-1-2	944.056577623	288.567552952	0.875129966772
2005	2874	10	MLTM-R-S-1-3	874.005898999	18.1719995109	0.892453797637
2005	2874	11	MLTM-R-S-1-4	1120.11754785	10.3791040533	0.793188382303
2005	2874	12	MLTM-R-S-2-3	440.997372201	54.3493882783	0.901806988601
2005	2874	13	MLTM-R-S-2-4	617.337291376	9.03268090526	0.853894741568
2005	2874	14	MLTM-R-S-3-4	64.2840181419	8.07896519111	0.860842763719
2005	2874	15	MLTM-R	1054.18200198	228.99623723	1.01476904639	6.35610956914	0.817747556363
2006	2874	0	MR-APA	828.931970658	0.922301398781
2006	2874	1	MR-APPA	659.463655306	0.942189039912
2006	2874	2	MR-APAPA	47.7737220669	0.947534857374
2006	2874	3	MR-APVPA	17.9490217247	0.816543603982
2006	2874	4	MR-project	14.1760466851	0.838473946767
2006	2874	5	R-Sub-APA	334.26820721	29.9586878057	1.84904551728	0.928219237749
2006	2874	6	R-Sub-APPA	855.771568653	1.61462715418	4.72351541535	0.878852782372
2006	2874	7	R-Sub-APAPA	759.238623663	194.787909032	2.21604027502	0.89864916789
2006	2874	8	R-Sub-APVPA	687.878671328	233.422970601	3.07111561738	0.912596929608
2006	2874	9	MLTM-R-S-1-2	722.034071099	226.974596733	0.911953698382
2006	2874	10	MLTM-R-S-1-3	782.049535084	5.15830963784	0.922312749768
2006	2874	11	MLTM-R-S-1-4	863.881032485	4.01034578245	0.886237180926
2006	2874	12	MLTM-R-S-2-3	350.066889326	30.0894642615	0.935680391186
2006	2874	13	MLTM-R-S-2-4	627.552617383	4.08180869904	0.909085616274
2006	2874	14	MLTM-R-S-3-4	44.6459738855	3.15899638491	0.926862256955
2006	2874	15	MLTM-R	747.183222622	199.97826434	1.51193998924	2.34959272618	0.897546396213
2007	2874	0	MR-APA	846.803382117	0.927476042852
2007	2874	1	MR-APPA	595.66090491	0.950837121178
2007	2874	2	MR-APAPA	42.6225517492	0.953437653542
2007	2874	3	MR-APVPA	16.3009395722	0.815912810637
2007	2874	4	MR-project	13.1538099484	0.836470089552
2007	2874	5	R-Sub-APA	261.121930468	31.707524548	2.57943295528	0.924061403866
2007	2874	6	R-Sub-APPA	917.571031824	0.847628718657	4.92816360273	0.8742255584
2007	2874	7	R-Sub-APAPA	862.441363029	153.173786799	2.56303791532	0.895051520899
2007	2874	8	R-Sub-APVPA	783.078361754	195.794531131	1.52322601767	0.916542958371
2007	2874	9	MLTM-R-S-1-2	809.981416292	189.284158659	0.915120074239
2007	2874	10	MLTM-R-S-1-3	807.290047068	3.10903296127	0.928720963994
2007	2874	11	MLTM-R-S-1-4	916.017748664	4.04846639814	0.884522478821
2007	2874	12	MLTM-R-S-2-3	285.589736727	31.2002614804	0.942159276567
2007	2874	13	MLTM-R-S-2-4	557.52654849	5.01334746325	0.901637858634
2007	2874	14	MLTM-R-S-3-4	41.4389084025	3.23586410879	0.926869651629
2007	2874	15	MLTM-R	861.67917949	153.362031183	0.767846423613	3.11775047865	0.888691977854
2008	2874	0	MR-APA	710.580063441	0.94262778933
2008	2874	1	MR-APPA	471.381528708	0.953109793276
2008	2874	2	MR-APAPA	36.6025170432	0.959916474798
2008	2874	3	MR-APVPA	15.2192029878	0.827445933666
2008	2874	4	MR-project	12.0827672047	0.849105590421
2008	2874	5	R-Sub-APA	305.531856937	17.9244531818	2.59642203933	0.929564126373
2008	2874	6	R-Sub-APPA	722.489072155	0.2055021303	5.93901336836	0.880942827865
2008	2874	7	R-Sub-APAPA	587.010779508	212.461125053	2.76104012687	0.909319082036
2008	2874	8	R-Sub-APVPA	555.618826754	241.428346858	0.345660675758	0.932183435508
2008	2874	9	MLTM-R-S-1-2	555.518784821	238.305890225	0.931494673801
2008	2874	10	MLTM-R-S-1-3	660.908653411	4.57542461837	0.942815232237
2008	2874	11	MLTM-R-S-1-4	717.814472367	4.84047316371	0.893479105563
2008	2874	12	MLTM-R-S-2-3	308.679617785	19.5318338533	0.948108743473
2008	2874	13	MLTM-R-S-2-4	461.298296501	3.50784847546	0.92057613139
2008	2874	14	MLTM-R-S-3-4	32.7452181794	3.20556938309	0.935629980813
2008	2874	15	MLTM-R	596.348897951	211.418558417	0.0511637189902	3.39266716459	0.90187669781
1999	329	0	MR-APA	1327.62314804	0.786901929291
1999	329	1	MR-APPA	1274.79441089	0.861749604737
1999	329	2	MR-APAPA	230.031948025	0.815380192866
1999	329	3	MR-APVPA	50.9191214839	0.513229676382
1999	329	4	MR-project	46.7040338472	0.507444624356
1999	329	5	R-Sub-APA	332.318057458	273.991427007	27.2323716513	0.524825763078
1999	329	6	R-Sub-APPA	1581.0246243	84.1814497786	28.9005984309	0.448358937721
1999	329	7	R-Sub-APAPA	1941.69801374	322.640199671	25.2237552936	0.450711233647
1999	329	8	R-Sub-APVPA	1021.28415734	506.889345091	115.140268288	0.700563680506
1999	329	9	MLTM-R-S-1-2	1413.86574311	494.051725872	0.722398611716
1999	329	10	MLTM-R-S-1-3	927.251570585	112.973683796	0.76282650443
1999	329	11	MLTM-R-S-1-4	1953.88818423	28.4129186805	0.452516144997
1999	329	12	MLTM-R-S-2-3	546.870017535	251.987727924	0.752042118774
1999	329	13	MLTM-R-S-2-4	1508.7465816	37.324045719	0.502493837208
1999	329	14	MLTM-R-S-3-4	262.472368628	29.7646680707	0.538169208512
1999	329	15	MLTM-R	1595.98834223	303.145106557	88.075749987	26.1408572332	0.4405222321
2000	329	0	MR-APA	838.167758542	0.868367799913
2000	329	1	MR-APPA	1020.36787508	0.871969520041
2000	329	2	MR-APAPA	131.792088597	0.87866844648
2000	329	3	MR-APVPA	61.0793605908	0.421678331583
2000	329	4	MR-project	53.770610251	0.434150218943
2000	329	5	R-Sub-APA	555.622118714	113.441673571	31.4428329643	0.536174981645
2000	329	6	R-Sub-APPA	592.38531634	67.9860054412	46.4142691072	0.428806665074
2000	329	7	R-Sub-APAPA	958.179614658	563.100483496	31.4383864394	0.490139900173
2000	329	8	R-Sub-APVPA	355.449460989	735.207726023	71.8241660757	0.794254155956
2000	329	9	MLTM-R-S-1-2	722.027653783	743.401190596	0.796985749302
2000	329	10	MLTM-R-S-1-3	244.673537092	105.684045667	0.86486554393
2000	329	11	MLTM-R-S-1-4	1088.542786	43.1839424062	0.435867112553
2000	329	12	MLTM-R-S-2-3	734.739149851	109.508385116	0.814556107783
2000	329	13	MLTM-R-S-2-4	941.947799162	24.6211660841	0.629865500413
2000	329	14	MLTM-R-S-3-4	123.650234777	44.3894361011	0.479710515903
2000	329	15	MLTM-R	581.90151237	526.620021376	59.0190675344	34.0876381888	0.481420228789
2001	329	0	MR-APA	1661.53756366	0.773705437478
2001	329	1	MR-APPA	1357.83827132	0.832327805626
2001	329	2	MR-APAPA	238.248382599	0.808879609523
2001	329	3	MR-APVPA	53.3267422197	0.488802072162
2001	329	4	MR-project	45.8670218965	0.508019217541
2001	329	5	R-Sub-APA	587.616922912	175.070506964	10.3092719105	0.686830982168
2001	329	6	R-Sub-APPA	1747.26939311	21.1861956909	25.7938787437	0.511942812741
2001	329	7	R-Sub-APAPA	1759.70545139	389.663497174	17.372910758	0.55257536945
2001	329	8	R-Sub-APVPA	1301.10386221	573.118337414	49.4986233454	0.715352987879
2001	329	9	MLTM-R-S-1-2	1537.2014823	569.50155135	0.720901094445
2001	329	10	MLTM-R-S-1-3	1199.33418019	92.2240105461	0.763037758074
2001	329	11	MLTM-R-S-1-4	1862.70726292	24.4838657546	0.522388699541
2001	329	12	MLTM-R-S-2-3	693.652112961	182.873924864	0.768205365374
2001	329	13	MLTM-R-S-2-4	1269.25756535	19.7284960476	0.638690197595
2001	329	14	MLTM-R-S-3-4	208.461286951	21.9537567895	0.622433915312
2001	329	15	MLTM-R	1668.35919189	372.493180354	17.0512158033	18.3468195323	0.546222613843
2002	329	0	MR-APA	1791.57655046	0.77251017994
2002	329	1	MR-APPA	1359.04936387	0.839013114146
2002	329	2	MR-APAPA	216.01965923	0.8210203267
2002	329	3	MR-APVPA	47.7629091536	0.542984248918
2002	329	4	MR-project	41.5495515828	0.556437178724
2002	329	5	R-Sub-APA	618.378221962	155.845249995	5.82924849825	0.745460540079
2002	329	6	R-Sub-APPA	1928.08844736	5.79862599933	18.7590668587	0.583844431887
2002	329	7	R-Sub-APAPA	1795.31155042	426.299433884	9.45525007879	0.639665224876
2002	329	8	R-Sub-APVPA	1600.19903757	547.093333046	8.23858063411	0.727078854438
2002	329	9	MLTM-R-S-1-2	1647.37930886	548.624265899	0.726567066761
2002	329	10	MLTM-R-S-1-3	1498.19231953	46.8877298052	0.770807779461
2002	329	11	MLTM-R-S-1-4	1949.39242934	17.1987725662	0.598176280544
2002	329	12	MLTM-R-S-2-3	683.722149064	155.958401475	0.788025241047
2002	329	13	MLTM-R-S-2-4	1250.24074593	10.9484906839	0.738383920839
2002	329	14	MLTM-R-S-3-4	199.533446417	16.8356304587	0.678051110612
2002	329	15	MLTM-R	1788.49647916	410.051940314	2.90887434149	10.586932676	0.630400969651
2003	329	0	MR-APA	1693.49711189	0.794102502365
2003	329	1	MR-APPA	1323.30572207	0.849262978955
2003	329	2	MR-APAPA	168.981646871	0.847085554902
2003	329	3	MR-APVPA	38.7452186592	0.630768738465
2003	329	4	MR-project	33.1705413863	0.644256059886
2003	329	5	R-Sub-APA	617.846823131	109.433145107	4.9594921783	0.785827117319
2003	329	6	R-Sub-APPA	1761.28365231	1.46314903963	10.9875601225	0.690258043862
2003	329	7	R-Sub-APAPA	1570.64306683	361.487174779	5.2626967296	0.724993928207
2003	329	8	R-Sub-APVPA	1473.36548593	450.105197489	2.07353765816	0.766787038805
2003	329	9	MLTM-R-S-1-2	1483.90407792	452.237258827	0.765877906761
2003	329	10	MLTM-R-S-1-3	1639.19059954	8.52722763398	0.793853774599
2003	329	11	MLTM-R-S-1-4	1760.33447226	9.57391490298	0.703537757406
2003	329	12	MLTM-R-S-2-3	674.375825938	112.076400145	0.817674288188
2003	329	13	MLTM-R-S-2-4	1177.14850127	10.7576644716	0.759203903684
2003	329	14	MLTM-R-S-3-4	150.437761305	12.2581995791	0.751098830185
2003	329	15	MLTM-R	1573.25038347	352.779039153	0.555478265952	5.71644514036	0.721931558626
2004	329	0	MR-APA	1529.48494622	0.826596169991
2004	329	1	MR-APPA	971.85168613	0.89159190242
2004	329	2	MR-APAPA	124.355851283	0.87956310589
2004	329	3	MR-APVPA	25.1737670529	0.752766230209
2004	329	4	MR-project	21.6327687093	0.762221005257
2004	329	5	R-Sub-APA	358.106450281	95.4913062547	0.80075902615	0.869328827119
2004	329	6	R-Sub-APPA	1540.22723936	2.05048690771	3.14113524985	0.804827728158
2004	329	7	R-Sub-APAPA	1443.27459935	203.883008659	1.27874408711	0.812171488393
2004	329	8	R-Sub-APVPA	1397.05942458	224.408203309	1.6329739499	0.815396569894
2004	329	9	MLTM-R-S-1-2	1408.61021198	230.509213612	0.813788086883
2004	329	10	MLTM-R-S-1-3	1490.48499285	4.49110203799	0.827707226806
2004	329	11	MLTM-R-S-1-4	1556.28584272	3.09619443771	0.804310064057
2004	329	12	MLTM-R-S-2-3	365.576553552	94.919833158	0.865216416952
2004	329	13	MLTM-R-S-2-4	861.703839385	5.97338258207	0.848504485979
2004	329	14	MLTM-R-S-3-4	121.019935633	2.40499002202	0.86943252008
2004	329	15	MLTM-R	1427.36887685	207.103337317	1.52835007398	0.855794337284	0.817665319493
2000	772	0	MR-APA	355.167372856	0.941555766382
2000	772	1	MR-APPA	315.624766459	0.95001784469
2000	772	2	MR-APAPA	66.8228858187	0.931289256985
2000	772	3	MR-APVPA	21.1059531709	0.766864189792
2000	772	4	MR-project	18.8901487204	0.769645804978
2000	772	5	R-Sub-APA	239.417151268	59.752971778	15.471440331	0.747192506435
2000	772	6	R-Sub-APPA	8.19856538397	54.6207409095	14.9294302042	0.785889170743
2000	772	7	R-Sub-APAPA	610.141889261	123.625502723	16.5342137553	0.714305859092
2000	772	8	R-Sub-APVPA	0.973104705538	199.716054082	72.9085443317	0.898628878128
2000	772	9	MLTM-R-S-1-2	374.418408389	123.706129601	0.9190771636
2000	772	10	MLTM-R-S-1-3	2.7173927069	67.4275763732	0.930521848558
2000	772	11	MLTM-R-S-1-4	582.163845362	16.6712894186	0.73292374884
2000	772	12	MLTM-R-S-2-3	198.87765605	72.9615851205	0.898660804616
2000	772	13	MLTM-R-S-2-4	294.752968809	21.2193524057	0.726647310817
2000	772	14	MLTM-R-S-3-4	55.4900853433	14.9316241732	0.786135803693
2000	772	15	MLTM-R	9.0684477855	237.718405233	58.8592062763	15.4898082497	0.746827654244
2001	772	0	MR-APA	486.570768284	0.92728137532
2001	772	1	MR-APPA	605.606409213	0.909305243871
2001	772	2	MR-APAPA	76.4429017395	0.923687307386
2001	772	3	MR-APVPA	20.2853124858	0.772757649252
2001	772	4	MR-project	18.6693809968	0.769927036404
2001	772	5	R-Sub-APA	245.08465159	51.9815875504	15.4511245509	0.748637213384
2001	772	6	R-Sub-APPA	484.410083516	4.76442093913	15.5498487813	0.757858198533
2001	772	7	R-Sub-APAPA	538.325868979	82.806800479	14.6567547672	0.751122583816
2001	772	8	R-Sub-APVPA	243.942510077	251.263981377	47.6402367123	0.8801863291
2001	772	9	MLTM-R-S-1-2	505.668851035	178.544832686	0.896456042129
2001	772	10	MLTM-R-S-1-3	251.916273867	43.0629056831	0.919255990944
2001	772	11	MLTM-R-S-1-4	518.8267754	14.3584491242	0.768588995146
2001	772	12	MLTM-R-S-2-3	302.092002893	83.0502368408	0.876655344518
2001	772	13	MLTM-R-S-2-4	460.786577888	18.782580132	0.726087525153
2001	772	14	MLTM-R-S-3-4	49.5659109108	15.3428623699	0.78446261476
2001	772	15	MLTM-R	492.841828779	169.558725261	3.83195988336	14.6086085833	0.743500146324
2002	772	0	MR-APA	486.303190615	0.931867467838
2002	772	1	MR-APPA	521.553877005	0.923062860064
2002	772	2	MR-APAPA	48.7666075597	0.947977571359
2002	772	3	MR-APVPA	18.3647615776	0.79909065756
2002	772	4	MR-project	16.3421810693	0.802553227685
2002	772	5	R-Sub-APA	316.151708421	38.6893819143	9.94007685535	0.81308394943
2002	772	6	R-Sub-APPA	530.223018262	3.70371873607	11.8134596559	0.801467490765
2002	772	7	R-Sub-APAPA	531.201835187	246.481232538	8.45189486792	0.80583804849
2002	772	8	R-Sub-APVPA	446.188323356	320.072853247	3.83929303048	0.888629995792
2002	772	9	MLTM-R-S-1-2	488.01210745	299.857358069	0.888292892136
2002	772	10	MLTM-R-S-1-3	456.227606517	3.90166551884	0.93302121509
2002	772	11	MLTM-R-S-1-4	563.046891957	10.7833954932	0.810374845508
2002	772	12	MLTM-R-S-2-3	368.585910077	45.6242062857	0.900460088286
2002	772	13	MLTM-R-S-2-4	517.798305883	12.5707389595	0.791788785893
2002	772	14	MLTM-R-S-3-4	43.7224551909	11.6757975914	0.831982881369
2002	772	15	MLTM-R	475.253589519	265.902772567	4.45692792395	9.09938615844	0.800573747407
2003	772	0	MR-APA	825.841368497	0.893149734035
2003	772	1	MR-APPA	560.389218158	0.922811547569
2003	772	2	MR-APAPA	101.506697017	0.898559734801
2003	772	3	MR-APVPA	18.76953465	0.804531583917
2003	772	4	MR-project	17.8684045532	0.793564359318
2003	772	5	R-Sub-APA	52.2043330974	85.9360588326	9.37968339112	0.818171171174
2003	772	6	R-Sub-APPA	625.508848557	35.193317726	9.73630386663	0.793776000066
2003	772	7	R-Sub-APAPA	922.325909392	91.5590333089	8.92943281711	0.786472945278
2003	772	8	R-Sub-APVPA	454.289759261	151.728756098	57.8371486289	0.864623458677
2003	772	9	MLTM-R-S-1-2	834.482507435	165.139982219	0.869872599192
2003	772	10	MLTM-R-S-1-3	418.558906977	62.535073583	0.883750909251
2003	772	11	MLTM-R-S-1-4	931.940274857	9.99065966628	0.786318541493
2003	772	12	MLTM-R-S-2-3	150.110682388	101.745101439	0.879786641189
2003	772	13	MLTM-R-S-2-4	513.625120761	13.1062985245	0.797745954812
2003	772	14	MLTM-R-S-3-4	85.7485389642	8.7019771913	0.831423014568
2003	772	15	MLTM-R	647.881210615	66.9643329322	32.0611817939	9.12784485913	0.791717739412
2004	772	0	MR-APA	1450.90422278	0.834805606981
2004	772	1	MR-APPA	880.522146241	0.899881004891
2004	772	2	MR-APAPA	172.762959298	0.844048109678
2004	772	3	MR-APVPA	27.4880337886	0.732800341783
2004	772	4	MR-project	25.5401494919	0.724466043622
2004	772	5	R-Sub-APA	122.48691931	148.732962186	12.0368459666	0.74643020985
2004	772	6	R-Sub-APPA	1722.60130832	7.72230876277	12.0019941432	0.699596148104
2004	772	7	R-Sub-APAPA	1784.44653644	109.737512517	11.1982124522	0.694764348441
2004	772	8	R-Sub-APVPA	1370.58017881	250.614080562	28.8282700692	0.793370420375
2004	772	9	MLTM-R-S-1-2	1514.39365378	250.072649423	0.801511356405
2004	772	10	MLTM-R-S-1-3	1276.77109224	38.8856497249	0.820213405739
2004	772	11	MLTM-R-S-1-4	1765.96980556	11.9297085476	0.700811367927
2004	772	12	MLTM-R-S-2-3	271.150460734	171.918526926	0.818648374081
2004	772	13	MLTM-R-S-2-4	652.807627336	21.7731837978	0.718156642924
2004	772	14	MLTM-R-S-3-4	147.760178445	12.2125433488	0.757186520602
2004	772	15	MLTM-R	1747.03976874	114.095971435	6.07931670607	11.2225873634	0.694289549389
2005	772	0	MR-APA	1089.11566805	0.888370567506
2005	772	1	MR-APPA	1068.5732294	0.904037331248
2005	772	2	MR-APAPA	92.1359144052	0.907726298313
2005	772	3	MR-APVPA	18.0954668083	0.821155184798
2005	772	4	MR-project	16.8301562835	0.815709614931
2005	772	5	R-Sub-APA	306.043681889	63.1787738665	9.04901594743	0.826129609507
2005	772	6	R-Sub-APPA	1105.58537947	2.00068127353	9.19589183	0.805091479938
2005	772	7	R-Sub-APAPA	1121.87386715	178.587201733	8.30753986705	0.796874405748
2005	772	8	R-Sub-APVPA	1008.00290521	429.223304732	7.9046574791	0.851801006985
2005	772	9	MLTM-R-S-1-2	1087.433167	405.911753067	0.852247593664
2005	772	10	MLTM-R-S-1-3	967.823463947	14.5325043683	0.887039115473
2005	772	11	MLTM-R-S-1-4	1122.80247961	8.95143470285	0.806385930171
2005	772	12	MLTM-R-S-2-3	508.651479542	84.6078732449	0.871659292201
2005	772	13	MLTM-R-S-2-4	757.956002505	13.3815099313	0.801742434277
2005	772	14	MLTM-R-S-3-4	66.9772521465	9.53792700207	0.844477105368
2005	772	15	MLTM-R	1099.94670161	200.415361271	1.41959586504	8.25011417487	0.797538886502
2006	772	0	MR-APA	1219.4606418	0.888624822165
2006	772	1	MR-APPA	1239.27800709	0.903905817452
2006	772	2	MR-APAPA	100.639263776	0.900378356372
2006	772	3	MR-APVPA	14.202967467	0.852589012508
2006	772	4	MR-project	13.4287661758	0.84647241094
2006	772	5	R-Sub-APA	256.601500923	56.8117289876	8.01734822699	0.844276859978
2006	772	6	R-Sub-APPA	1011.99331775	5.23158688812	8.36581432042	0.824785327776
2006	772	7	R-Sub-APAPA	1071.66642685	187.663613232	7.78388961713	0.814610727111
2006	772	8	R-Sub-APVPA	922.436543307	433.023113555	27.6605236297	0.855680113864
2006	772	9	MLTM-R-S-1-2	1192.90470555	442.23922294	0.856449688037
2006	772	10	MLTM-R-S-1-3	855.691071569	38.8711000397	0.883692929154
2006	772	11	MLTM-R-S-1-4	1079.96997816	8.40711297112	0.822401270425
2006	772	12	MLTM-R-S-2-3	476.508228589	92.9966426339	0.872101739768
2006	772	13	MLTM-R-S-2-4	742.733229626	10.9558098213	0.828595703381
2006	772	14	MLTM-R-S-3-4	60.4858087024	8.47220754685	0.856307763016
2006	772	15	MLTM-R	1013.87024717	209.889537383	3.70444318548	7.68289448699	0.816510295707
2007	772	0	MR-APA	1381.32084649	0.885529708556
2007	772	1	MR-APPA	1227.18287511	0.911071403098
2007	772	2	MR-APAPA	88.8146196593	0.911607038884
2007	772	3	MR-APVPA	10.7495526873	0.876057244453
2007	772	4	MR-project	10.2978633157	0.870846628708
2007	772	5	R-Sub-APA	160.180493527	51.0633744401	6.08460123459	0.871692769458
2007	772	6	R-Sub-APPA	1192.70872115	0.699864542296	5.36173982339	0.848700557605
2007	772	7	R-Sub-APAPA	1202.41216007	32.7779121466	5.25779745737	0.84615115496
2007	772	8	R-Sub-APVPA	1346.38699081	283.376051224	1.36499139063	0.867238906385
2007	772	9	MLTM-R-S-1-2	1364.10032037	269.748097913	0.866833175688
2007	772	10	MLTM-R-S-1-3	1345.97572088	3.4372202088	0.886209907047
2007	772	11	MLTM-R-S-1-4	1199.85182268	5.34828633475	0.847721317288
2007	772	12	MLTM-R-S-2-3	349.931987923	83.5013375954	0.891468191113
2007	772	13	MLTM-R-S-2-4	614.670650896	8.65639795327	0.854483853132
2007	772	14	MLTM-R-S-3-4	53.4149702392	6.25662563587	0.879634074685
2007	772	15	MLTM-R	1198.12891476	48.1659688457	0.345257750664	5.2255262329	0.84660042692
2008	772	0	MR-APA	1383.57169557	0.892767106574
2008	772	1	MR-APPA	1006.87149374	0.910442551289
2008	772	2	MR-APAPA	77.4449825928	0.922146874578
2008	772	3	MR-APVPA	9.17534044576	0.893565261222
2008	772	4	MR-project	8.63977338319	0.89121120715
2008	772	5	R-Sub-APA	139.841650321	35.841753466	5.52892680564	0.891117235019
2008	772	6	R-Sub-APPA	1091.63428771	0.573941556436	4.1591960136	0.876021206726
2008	772	7	R-Sub-APAPA	1101.4204709	32.6101686233	4.05875569676	0.872939442586
2008	772	8	R-Sub-APVPA	1356.49554846	240.843106452	0.888860710294	0.873868049805
2008	772	9	MLTM-R-S-1-2	1368.5114718	232.499937859	0.873262690595
2008	772	10	MLTM-R-S-1-3	1355.15209467	2.71215125374	0.893475013632
2008	772	11	MLTM-R-S-1-4	1097.30498461	4.18301016562	0.87462753729
2008	772	12	MLTM-R-S-2-3	315.28444108	71.5085335632	0.900332976978
2008	772	13	MLTM-R-S-2-4	476.047819993	7.22282493732	0.873470813675
2008	772	14	MLTM-R-S-3-4	38.2081507528	5.72197016727	0.899397402811
2008	772	15	MLTM-R	1099.73059975	43.8438357488	0.2289032279	4.01506262854	0.873587927931
