2000	1286	0	MR-APA	225.737796973	0.962333380629
2000	1286	1	MR-APPA	0.248117364777	1.00014533889
2000	1286	2	MR-APAPA	25.2769024931	0.971522541395
2000	1286	3	MR-APVPA	7.24063143571	0.920418305613
2000	1286	4	MR-project	6.33984849446	0.924057551494
2000	1286	5	R-Sub-APA	0.431255933386	13.393207856	5.32531980887	0.930787693327
2000	1286	6	R-Sub-APPA	174.754256328	2.0844503295	5.82274937025	0.909696833261
2000	1286	7	R-Sub-APAPA	187.049381843	0.28498813036	5.58122295611	0.911762735366
2000	1286	8	R-Sub-APVPA	123.207543256	0.158537311221	14.3574556632	0.964032689702
2000	1286	9	MLTM-R-S-1-2	225.887330816	0.352547749091	0.962439218175
2000	1286	10	MLTM-R-S-1-3	123.076426208	14.3622411063	0.963884335506
2000	1286	11	MLTM-R-S-1-4	186.928482632	5.57871585502	0.911671170961
2000	1286	12	MLTM-R-S-2-3	0.419081148756	25.3786015334	0.97153356078
2000	1286	13	MLTM-R-S-2-4	0.377250781176	7.34385439495	0.919294725544
2000	1286	14	MLTM-R-S-3-4	13.3437688307	5.28280895087	0.931241403649
2000	1286	15	MLTM-R	174.857034711	0.125311268995	2.08057403492	5.82423332461	0.909833461719
2001	1286	0	MR-APA	10.7586018184	0.998452512193
2001	1286	1	MR-APPA	211.214703142	0.963112170812
2001	1286	2	MR-APAPA	6.76685518039	0.992743141734
2001	1286	3	MR-APVPA	5.6876588542	0.937073399141
2001	1286	4	MR-project	5.01646723821	0.94013145984
2001	1286	5	R-Sub-APA	2.08346472776	0.0725182354323	5.67918207355	0.938177487126
2001	1286	6	R-Sub-APPA	0.027279286278	0.0533377863961	5.77651101727	0.93730325841
2001	1286	7	R-Sub-APAPA	0.0415849624917	2.07425078566	5.65048499478	0.937508008101
2001	1286	8	R-Sub-APVPA	0.0023833836316	216.803444344	3.91213844345	0.959310782169
2001	1286	9	MLTM-R-S-1-2	0.00282136046171	211.251077563	0.963264195055
2001	1286	10	MLTM-R-S-1-3	0.122310324222	6.8397549116	0.992793679999
2001	1286	11	MLTM-R-S-1-4	0.0338342937906	5.72399109981	0.936762356448
2001	1286	12	MLTM-R-S-2-3	216.768425533	3.91151889355	0.959160134287
2001	1286	13	MLTM-R-S-2-4	2.07262292827	5.61102625591	0.937860803048
2001	1286	14	MLTM-R-S-3-4	0.0587670470952	5.75213101667	0.937456092456
2001	1286	15	MLTM-R	0.0342892829817	2.08373673531	0.0663979728512	5.7061035804	0.937991712679
2002	1286	0	MR-APA	113.449828182	0.983545884437
2002	1286	1	MR-APPA	245.249782822	0.959661305855
2002	1286	2	MR-APAPA	10.7434413068	0.987895208747
2002	1286	3	MR-APVPA	18.0524016082	0.802266781712
2002	1286	4	MR-project	15.5381792972	0.811667776415
2002	1286	5	R-Sub-APA	1.59963464475	0.0104141799674	18.1321689332	0.802629145546
2002	1286	6	R-Sub-APPA	0.858457870572	0.0063846489539	18.3975451949	0.800050431846
2002	1286	7	R-Sub-APAPA	1.01940331133	1.55141626545	18.4656297756	0.798050124999
2002	1286	8	R-Sub-APVPA	76.5336779458	217.067120412	1.6810182235	0.952891280066
2002	1286	9	MLTM-R-S-1-2	92.2236501012	208.947833505	0.952496830626
2002	1286	10	MLTM-R-S-1-3	88.0082021945	3.3573886276	0.984366149416
2002	1286	11	MLTM-R-S-1-4	1.04065966956	18.4288407085	0.798474617011
2002	1286	12	MLTM-R-S-2-3	221.864073532	8.01455998835	0.955508955426
2002	1286	13	MLTM-R-S-2-4	1.6069370623	18.0893953477	0.801826755354
2002	1286	14	MLTM-R-S-3-4	0.011154253981	18.0975227833	0.803044595078
2002	1286	15	MLTM-R	0.842282000527	1.55621423395	0.00584371630907	18.4337302608	0.79962968182
2003	1286	0	MR-APA	665.231671706	0.912728086802
2003	1286	1	MR-APPA	565.185501636	0.922289313808
2003	1286	2	MR-APAPA	79.2274789843	0.917438369442
2003	1286	3	MR-APVPA	21.3429850163	0.780150608523
2003	1286	4	MR-project	19.9539963295	0.771711233447
2003	1286	5	R-Sub-APA	44.7897903306	87.4153338133	13.5511573721	0.777751418641
2003	1286	6	R-Sub-APPA	620.467071255	36.3559825948	13.2306876555	0.759669289036
2003	1286	7	R-Sub-APAPA	927.17352841	14.0351624729	12.8582187334	0.757220753665
2003	1286	8	R-Sub-APVPA	346.098450125	174.671685617	48.0747607904	0.88233134648
2003	1286	9	MLTM-R-S-1-2	671.705957048	176.371173931	0.887601781162
2003	1286	10	MLTM-R-S-1-3	339.465461974	49.7440586479	0.904185172646
2003	1286	11	MLTM-R-S-1-4	921.874376552	12.8478213092	0.759508332176
2003	1286	12	MLTM-R-S-2-3	181.44442823	79.2785944414	0.894246120903
2003	1286	13	MLTM-R-S-2-4	165.76430513	21.0054415576	0.761943920834
2003	1286	14	MLTM-R-S-3-4	84.494048467	12.826911097	0.792049717965
2003	1286	15	MLTM-R	622.757430752	40.8799443787	36.4050394195	13.0766420891	0.756003563693
2004	1286	0	MR-APA	521.571680076	0.936306366332
2004	1286	1	MR-APPA	728.222521655	0.913931005219
2004	1286	2	MR-APAPA	45.4532624982	0.949096631456
2004	1286	3	MR-APVPA	15.6422349803	0.840928296705
2004	1286	4	MR-project	13.9210471796	0.842506377101
2004	1286	5	R-Sub-APA	341.399357119	32.4421427298	9.05971535587	0.838684581341
2004	1286	6	R-Sub-APPA	511.341620156	6.47348328979	10.8870672496	0.828642306106
2004	1286	7	R-Sub-APAPA	566.775328037	269.592760031	9.48357481782	0.811315594263
2004	1286	8	R-Sub-APVPA	195.701272373	453.338043275	25.3433200283	0.895792066359
2004	1286	9	MLTM-R-S-1-2	481.680538148	427.652832022	0.890468728072
2004	1286	10	MLTM-R-S-1-3	220.585993312	30.0623141727	0.939854896253
2004	1286	11	MLTM-R-S-1-4	587.210976677	10.6886872666	0.827421927565
2004	1286	12	MLTM-R-S-2-3	459.492858828	38.555165782	0.903878419856
2004	1286	13	MLTM-R-S-2-4	568.350881102	11.9599939911	0.815332455322
2004	1286	14	MLTM-R-S-3-4	35.6480362224	9.77173301911	0.866297810543
2004	1286	15	MLTM-R	473.472158724	302.578898773	5.95617814441	9.25551561678	0.815661012745
2005	1286	0	MR-APA	690.551728187	0.927114229754
2005	1286	1	MR-APPA	1165.1658457	0.897454630903
2005	1286	2	MR-APAPA	38.8197625427	0.956639078433
2005	1286	3	MR-APVPA	12.3076985903	0.876655866235
2005	1286	4	MR-project	10.6504835411	0.881812829267
2005	1286	5	R-Sub-APA	580.934327996	26.2632110312	4.94785425672	0.875412717155
2005	1286	6	R-Sub-APPA	755.318304204	1.11118436395	7.30826557841	0.85568679902
2005	1286	7	R-Sub-APAPA	742.36272644	459.42892952	5.18547522866	0.837623519029
2005	1286	8	R-Sub-APVPA	553.469075531	675.657088104	6.96154914561	0.874952981548
2005	1286	9	MLTM-R-S-1-2	659.945481245	656.726356856	0.871667449271
2005	1286	10	MLTM-R-S-1-3	519.199216135	13.3438959148	0.93131041884
2005	1286	11	MLTM-R-S-1-4	770.615372137	7.21578914777	0.854956039279
2005	1286	12	MLTM-R-S-2-3	734.66919826	30.4054065427	0.900382077391
2005	1286	13	MLTM-R-S-2-4	862.636396279	7.55316179955	0.850475912705
2005	1286	14	MLTM-R-S-3-4	29.7590299528	6.91703599363	0.903025424453
2005	1286	15	MLTM-R	713.828492325	486.736379409	1.00272306658	5.0676728266	0.839610610796
1987	1633	0	MR-APA	215.146627199	0.886007309853
1987	1633	1	MR-APPA	0.0770997818696	1.00024417578
1987	1633	2	MR-APAPA	53.4758058152	0.929235655342
1987	1633	3	MR-APVPA	3.80927021484	0.930338712039
1987	1633	4	MR-project	3.90465558071	0.922003846056
1987	1633	5	R-Sub-APA	0.316431082703	64.4745577945	1.45821314103	0.909388416784
1987	1633	6	R-Sub-APPA	268.208678291	0.563248662716	1.37970894845	0.854061453509
1987	1633	7	R-Sub-APAPA	267.192795675	0.224361898737	1.35396199075	0.854395589105
1987	1633	8	R-Sub-APVPA	215.68533253	0.131555985532	0.466566017024	0.887113061932
1987	1633	9	MLTM-R-S-1-2	215.284844903	0.186067778051	0.886158828273
1987	1633	10	MLTM-R-S-1-3	215.560665873	0.469838427294	0.886940331631
1987	1633	11	MLTM-R-S-1-4	267.020238699	1.35298887964	0.854296952151
1987	1633	12	MLTM-R-S-2-3	0.266285468604	53.5751563765	0.929327656058
1987	1633	13	MLTM-R-S-2-4	0.460267278541	3.87543169338	0.928924468753
1987	1633	14	MLTM-R-S-3-4	64.3681230759	1.45567505199	0.909370676463
1987	1633	15	MLTM-R	268.341149819	0.170351053824	0.561142778028	1.38040020198	0.854198481225
1988	1633	0	MR-APA	33.5711357598	0.984919930264
1988	1633	1	MR-APPA	0.0414663087783	1.00022554672
1988	1633	2	MR-APAPA	5.37759430012	0.993650912052
1988	1633	3	MR-APVPA	4.50724665049	0.926589589524
1988	1633	4	MR-project	4.29576923602	0.924928349362
1988	1633	5	R-Sub-APA	0.0608397076673	3.27363007552	4.49744675831	0.924417175984
1988	1633	6	R-Sub-APPA	43.2612176943	0.0339788911761	4.32975291093	0.91350426302
1988	1633	7	R-Sub-APAPA	43.2400626923	0.0222094992618	4.31552426972	0.912637589518
1988	1633	8	R-Sub-APVPA	33.6146063642	0.02434526516	0.052100250838	0.986565075004
1988	1633	9	MLTM-R-S-1-2	33.6114468809	0.0425192226917	0.985126788401
1988	1633	10	MLTM-R-S-1-3	33.586291262	0.0531423361125	0.986348542559
1988	1633	11	MLTM-R-S-1-4	43.2095235231	4.31424659774	0.912453539141
1988	1633	12	MLTM-R-S-2-3	0.0458677189236	5.41333174286	0.993823911088
1988	1633	13	MLTM-R-S-2-4	0.0847620687371	4.56199998295	0.925712009259
1988	1633	14	MLTM-R-S-3-4	3.2294619732	4.47827008237	0.924635951696
1988	1633	15	MLTM-R	43.2861350454	0.0151403297024	0.0337228772256	4.33087211954	0.913694327131
1989	1633	0	MR-APA	169.772435427	0.925748059855
1989	1633	1	MR-APPA	38.6066311992	0.989436314372
1989	1633	2	MR-APAPA	56.3433780913	0.931016836228
1989	1633	3	MR-APVPA	5.69732446991	0.89933962901
1989	1633	4	MR-project	8.67550764817	0.827642945567
1989	1633	5	R-Sub-APA	0.00210584895838	100.810502311	6.45229715101	0.790255364971
1989	1633	6	R-Sub-APPA	264.465792947	0.0437387143742	5.93654009885	0.792318117445
1989	1633	7	R-Sub-APAPA	263.998946273	0.00466006621483	5.92298836168	0.791339752411
1989	1633	8	R-Sub-APVPA	170.230196388	0.0144102104065	0.0575326722501	0.927647957687
1989	1633	9	MLTM-R-S-1-2	169.849603964	0.0156452100714	0.926005906411
1989	1633	10	MLTM-R-S-1-3	170.151415335	0.0582410221435	0.927391275319
1989	1633	11	MLTM-R-S-1-4	263.922342047	5.92117877509	0.79112352154
1989	1633	12	MLTM-R-S-2-3	0.0121453710478	56.3780330754	0.931268750533
1989	1633	13	MLTM-R-S-2-4	0.355084473873	5.84480792122	0.896565931187
1989	1633	14	MLTM-R-S-3-4	100.778561548	6.45026070989	0.790043404758
1989	1633	15	MLTM-R	264.54246391	0.00449531695622	0.0436382386075	5.93834045184	0.792533171765
1990	1633	0	MR-APA	208.626577574	0.923655621681
1990	1633	1	MR-APPA	99.0871636711	0.975107181669
1990	1633	2	MR-APAPA	36.1207456018	0.958166591025
1990	1633	3	MR-APVPA	4.59234977653	0.929581680604
1990	1633	4	MR-project	4.91842975655	0.916897156144
1990	1633	5	R-Sub-APA	0.582196248439	41.7671212639	3.62923821995	0.905369482602
1990	1633	6	R-Sub-APPA	248.759054888	0.0435599312242	2.25542732758	0.888871022498
1990	1633	7	R-Sub-APAPA	248.407616379	0.0225499864031	2.24852703678	0.888064253106
1990	1633	8	R-Sub-APVPA	209.068482322	0.0320172207308	0.0497697205736	0.925178895606
1990	1633	9	MLTM-R-S-1-2	208.720001274	0.0445400262772	0.92389523126
1990	1633	10	MLTM-R-S-1-3	208.982391353	0.0520580769613	0.924932563855
1990	1633	11	MLTM-R-S-1-4	248.308020026	2.24706867891	0.887856063467
1990	1633	12	MLTM-R-S-2-3	1.41721973158	36.4280748189	0.957777722129
1990	1633	13	MLTM-R-S-2-4	89.4183056964	3.69727727014	0.925723705845
1990	1633	14	MLTM-R-S-3-4	41.4257155136	3.6047245589	0.905992176849
1990	1633	15	MLTM-R	248.849697222	0.0181875748186	0.0422770481694	2.25659841424	0.889088543774
1991	1633	0	MR-APA	169.056863891	0.942755579319
1991	1633	1	MR-APPA	465.926618703	0.91195630212
1991	1633	2	MR-APAPA	55.7742549418	0.941626845813
1991	1633	3	MR-APVPA	16.140501821	0.729170906047
1991	1633	4	MR-project	15.6796050181	0.717941059705
1991	1633	5	R-Sub-APA	687.898151832	0.901107000112	10.4478095582	0.72150958248
1991	1633	6	R-Sub-APPA	258.996397515	3.60952284894	12.6202184603	0.710595073382
1991	1633	7	R-Sub-APAPA	39.9951783566	628.638156053	10.6549914804	0.713499584518
1991	1633	8	R-Sub-APVPA	16.3554035275	442.584717285	0.633171878462	0.911216697607
1991	1633	9	MLTM-R-S-1-2	18.419573155	439.996140906	0.91023238817
1991	1633	10	MLTM-R-S-1-3	138.071099163	16.7039673917	0.935958696188
1991	1633	11	MLTM-R-S-1-4	264.081461287	12.118180875	0.71885230803
1991	1633	12	MLTM-R-S-2-3	464.700573506	1.62542681871	0.911763556643
1991	1633	13	MLTM-R-S-2-4	686.370146687	10.2647495348	0.724043551939
1991	1633	14	MLTM-R-S-3-4	70.1730926165	13.3972292686	0.720883404702
1991	1633	15	MLTM-R	33.0298008191	638.377321238	0.307782939022	10.6334306141	0.715699922737
1992	1633	0	MR-APA	190.03600725	0.943747503545
1992	1633	1	MR-APPA	203.119572127	0.958154686357
1992	1633	2	MR-APAPA	39.2069440288	0.957644028841
1992	1633	3	MR-APVPA	10.8622567986	0.84268266398
1992	1633	4	MR-project	10.1799002421	0.8402245346
1992	1633	5	R-Sub-APA	6.33771891844	42.4064496383	7.40612223121	0.855959204669
1992	1633	6	R-Sub-APPA	239.569022596	2.30067247815	7.32036602852	0.831096350845
1992	1633	7	R-Sub-APAPA	246.055244471	7.23795023944	7.10147977482	0.832319893319
1992	1633	8	R-Sub-APVPA	171.801514627	43.8751216501	1.51639938987	0.939351755456
1992	1633	9	MLTM-R-S-1-2	178.35539113	43.8218113384	0.93784156404
1992	1633	10	MLTM-R-S-1-3	165.50542361	6.26304915283	0.945127974434
1992	1633	11	MLTM-R-S-1-4	247.725801698	7.00788431503	0.83446067905
1992	1633	12	MLTM-R-S-2-3	27.4282068459	36.6937222325	0.954638139497
1992	1633	13	MLTM-R-S-2-4	219.990747671	9.08621165448	0.829943061141
1992	1633	14	MLTM-R-S-3-4	43.1679135865	7.4211049399	0.856073195895
1992	1633	15	MLTM-R	239.686505767	1.76754647908	2.14215476354	7.32024228905	0.831101853226
2005	2488	0	MR-APA	0.258579948029	1.00008394767
2005	2488	1	MR-APPA	0.362207879504	1.0000820445
2005	2488	2	MR-APAPA	0.212196939055	1.00108441085
2005	2488	3	MR-APVPA	17.58966078	0.825936986655
2005	2488	4	MR-project	15.9681140007	0.824699089624
2005	2488	5	R-Sub-APA	0.343888056568	0.120040231547	17.7887244821	0.825353060193
2005	2488	6	R-Sub-APPA	0.159241615187	0.118925421558	17.82883006	0.824988017308
2005	2488	7	R-Sub-APAPA	0.159536396786	0.340338473119	17.7718728118	0.824425480145
2005	2488	8	R-Sub-APVPA	0.0850461632217	0.151203705969	0.0555868766651	1.00151630452
2005	2488	9	MLTM-R-S-1-2	0.11984021539	0.194266479091	1.00020327657
2005	2488	10	MLTM-R-S-1-3	0.140100375224	0.0987724123855	1.00134058171
2005	2488	11	MLTM-R-S-1-4	0.161410250747	17.7033136246	0.824973810546
2005	2488	12	MLTM-R-S-2-3	0.210220897776	0.0909831241486	1.00135552297
2005	2488	13	MLTM-R-S-2-4	0.343634447583	17.6609564373	0.825361901947
2005	2488	14	MLTM-R-S-3-4	0.121594392947	17.7200015142	0.825902762918
2005	2488	15	MLTM-R	0.157445936366	0.34071365171	0.117452363651	17.894901417	0.824464076515
2006	2488	0	MR-APA	699.349166543	0.933830091629
2006	2488	1	MR-APPA	116.762288949	0.987866011485
2006	2488	2	MR-APAPA	76.6863058628	0.920830098662
2006	2488	3	MR-APVPA	33.0481801426	0.68642010732
2006	2488	4	MR-project	33.2109046918	0.656822672489
2006	2488	5	R-Sub-APA	0.116777133407	122.98347133	27.1249250928	0.649274696868
2006	2488	6	R-Sub-APPA	1186.79000206	25.2480794793	28.3322051812	0.623006915655
2006	2488	7	R-Sub-APAPA	1326.58896453	0.0906606369257	27.0467328453	0.639801343296
2006	2488	8	R-Sub-APVPA	546.530812786	0.129668603637	25.8547048174	0.921876723847
2006	2488	9	MLTM-R-S-1-2	699.547406393	0.158032331186	0.933908403729
2006	2488	10	MLTM-R-S-1-3	546.39941641	25.8384989009	0.921805818715
2006	2488	11	MLTM-R-S-1-4	1326.26083121	27.0405895646	0.639777158952
2006	2488	12	MLTM-R-S-2-3	0.154935004364	76.7875627605	0.920837191538
2006	2488	13	MLTM-R-S-2-4	0.237818534915	33.2112631381	0.685209621082
2006	2488	14	MLTM-R-S-3-4	122.898642479	27.1096748443	0.649352222071
2006	2488	15	MLTM-R	1186.86980028	0.0695342002265	25.2608854026	28.3358297557	0.623060314643
2007	2488	0	MR-APA	2331.67268169	0.81625149537
2007	2488	1	MR-APPA	737.761388918	0.941147333024
2007	2488	2	MR-APAPA	242.230091515	0.803734648946
2007	2488	3	MR-APVPA	25.9228870103	0.722453114026
2007	2488	4	MR-project	24.7631034759	0.711472616928
2007	2488	5	R-Sub-APA	0.659797294418	216.326773198	16.7864757382	0.66440267944
2007	2488	6	R-Sub-APPA	4144.67698084	2.16890772002	14.5469382978	0.567193707259
2007	2488	7	R-Sub-APAPA	4132.31381081	0.355805129227	14.4497042515	0.568931387717
2007	2488	8	R-Sub-APVPA	2187.89754453	211.161491911	63.8131228695	0.765430906765
2007	2488	9	MLTM-R-S-1-2	2381.66252002	138.910568121	0.803224372403
2007	2488	10	MLTM-R-S-1-3	2139.3636221	64.4374148618	0.781268969068
2007	2488	11	MLTM-R-S-1-4	4131.88396116	14.4484094627	0.568896240755
2007	2488	12	MLTM-R-S-2-3	450.684772982	251.722929223	0.772832021726
2007	2488	13	MLTM-R-S-2-4	1.54896464901	26.0246403694	0.721502805976
2007	2488	14	MLTM-R-S-3-4	216.279270181	16.7851489595	0.664388505728
2007	2488	15	MLTM-R	4145.04115546	0.357203455963	2.17075798449	14.5481887171	0.56723118559
2008	2488	0	MR-APA	2828.4485829	0.795670447103
2008	2488	1	MR-APPA	1034.48508166	0.908533005357
2008	2488	2	MR-APAPA	191.82681659	0.837257248756
2008	2488	3	MR-APVPA	10.6100748811	0.877195000079
2008	2488	4	MR-project	10.2063567014	0.871692585161
2008	2488	5	R-Sub-APA	1.84978086305	152.193966609	3.91160781571	0.832858131011
2008	2488	6	R-Sub-APPA	3491.96276097	2.13820766053	3.83928770771	0.725593653387
2008	2488	7	R-Sub-APAPA	3498.71078783	0.888044068888	3.84325779561	0.725482164877
2008	2488	8	R-Sub-APVPA	2642.9057091	2.37812438067	34.6386634524	0.782158700105
2008	2488	9	MLTM-R-S-1-2	2831.88383475	5.6859524088	0.795099623391
2008	2488	10	MLTM-R-S-1-3	2641.92331538	34.6920972277	0.782255047871
2008	2488	11	MLTM-R-S-1-4	3498.35018463	3.84298623305	0.725464629168
2008	2488	12	MLTM-R-S-2-3	2.01536856456	192.125301329	0.837017292745
2008	2488	13	MLTM-R-S-2-4	662.911083644	10.5866044103	0.821099733375
2008	2488	14	MLTM-R-S-3-4	151.912642399	3.91450431468	0.833053858129
2008	2488	15	MLTM-R	3492.23025547	1.07386265054	2.13951552424	3.8394831039	0.725601837225
2001	2957	0	MR-APA	760.838352177	0.889143771227
2001	2957	1	MR-APPA	214.121554263	0.962654174331
2001	2957	2	MR-APAPA	50.2271927239	0.947145292979
2001	2957	3	MR-APVPA	15.7545355124	0.820059562369
2001	2957	4	MR-project	12.1914784318	0.845887110301
2001	2957	5	R-Sub-APA	72.2282335045	48.4992244492	0.687810677593	0.942654579468
2001	2957	6	R-Sub-APPA	4.25455788495	54.0862901655	2.82217225906	0.921271405975
2001	2957	7	R-Sub-APAPA	769.113704609	85.3467033772	0.290929670839	0.88547002421
2001	2957	8	R-Sub-APVPA	4.38458628323	73.6453187327	45.1898018165	0.939708382053
2001	2957	9	MLTM-R-S-1-2	753.084850487	84.9733696345	0.87700238144
2001	2957	10	MLTM-R-S-1-3	4.14893920076	49.6219694668	0.947292367331
2001	2957	11	MLTM-R-S-1-4	833.055702211	3.65199016174	0.848241284656
2001	2957	12	MLTM-R-S-2-3	73.5919911199	45.5732688555	0.939810173665
2001	2957	13	MLTM-R-S-2-4	218.2846885	0.727543318752	0.966245012439
2001	2957	14	MLTM-R-S-3-4	54.7298746403	2.8700313515	0.920527473021
2001	2957	15	MLTM-R	4.41018091801	72.2608120089	48.0991851476	0.688768802353	0.942551216533
2002	2957	0	MR-APA	585.950505364	0.918670125351
2002	2957	1	MR-APPA	225.01279348	0.962634811038
2002	2957	2	MR-APAPA	43.2117624718	0.953350051705
2002	2957	3	MR-APVPA	15.7834776851	0.825622620603
2002	2957	4	MR-project	12.199298392	0.850604527168
2002	2957	5	R-Sub-APA	109.180040338	26.9784918408	1.62201634776	0.945676709883
2002	2957	6	R-Sub-APPA	705.198381224	7.41344333247	7.30800873218	0.825824543432
2002	2957	7	R-Sub-APAPA	671.422011781	82.0259832231	1.95105055103	0.884961864762
2002	2957	8	R-Sub-APVPA	15.9028733957	115.832705246	22.8136700428	0.953799706093
2002	2957	9	MLTM-R-S-1-2	585.548444668	90.144489051	0.904879805433
2002	2957	10	MLTM-R-S-1-3	354.837457809	23.231758021	0.926694693704
2002	2957	11	MLTM-R-S-1-4	767.852905552	5.8764656172	0.839417831257
2002	2957	12	MLTM-R-S-2-3	116.26317036	22.1459380228	0.956389757837
2002	2957	13	MLTM-R-S-2-4	232.128899448	1.28570058639	0.958301000955
2002	2957	14	MLTM-R-S-3-4	43.6301541993	5.38629329374	0.901293249792
2002	2957	15	MLTM-R	614.688321734	78.9481219074	5.85482255891	2.74723355028	0.87872677221
2003	2957	0	MR-APA	580.086172017	0.923315267795
2003	2957	1	MR-APPA	202.737545742	0.968045741486
2003	2957	2	MR-APAPA	28.2370511189	0.966788561429
2003	2957	3	MR-APVPA	15.9716116957	0.831945302302
2003	2957	4	MR-project	12.6932033212	0.850585704742
2003	2957	5	R-Sub-APA	90.2082279235	28.8483401413	4.67244286425	0.911098131673
2003	2957	6	R-Sub-APPA	7.01297173431	33.4086070617	6.62317332269	0.897032399455
2003	2957	7	R-Sub-APAPA	616.706670005	113.627335628	6.76342916226	0.839842097772
2003	2957	8	R-Sub-APVPA	5.41954358572	93.0493106373	25.3898432746	0.955489415331
2003	2957	9	MLTM-R-S-1-2	465.633988727	116.040697048	0.920750507454
2003	2957	10	MLTM-R-S-1-3	5.02941524734	28.1452662695	0.966386250562
2003	2957	11	MLTM-R-S-1-4	742.81926099	7.92486617774	0.828326065951
2003	2957	12	MLTM-R-S-2-3	92.7266989356	25.6235290968	0.955829582821
2003	2957	13	MLTM-R-S-2-4	227.248029345	6.30750284486	0.902378869497
2003	2957	14	MLTM-R-S-3-4	33.1681853562	6.09259488759	0.903757486536
2003	2957	15	MLTM-R	6.38381420298	90.7331577564	28.6347936651	4.76016818243	0.909627074683
2004	2957	0	MR-APA	828.97609954	0.90134845117
2004	2957	1	MR-APPA	436.965162167	0.943650019015
2004	2957	2	MR-APAPA	58.1217921568	0.936742352789
2004	2957	3	MR-APVPA	29.2141700847	0.718219466335
2004	2957	4	MR-project	22.3968530767	0.754931152887
2004	2957	5	R-Sub-APA	145.652443201	51.2270016958	6.03622375951	0.873526503205
2004	2957	6	R-Sub-APPA	546.790736531	30.8076808867	16.5792081066	0.751282025921
2004	2957	7	R-Sub-APAPA	946.422186982	150.52708579	11.5764143093	0.766070350769
2004	2957	8	R-Sub-APVPA	24.2294422969	191.689994349	50.8095693225	0.918411800718
2004	2957	9	MLTM-R-S-1-2	762.400907207	234.93430051	0.880675581846
2004	2957	10	MLTM-R-S-1-3	14.6738184732	58.3220073348	0.935058907841
2004	2957	11	MLTM-R-S-1-4	1017.41164299	15.6835493574	0.737556666186
2004	2957	12	MLTM-R-S-2-3	187.999098659	51.6403412114	0.920560038123
2004	2957	13	MLTM-R-S-2-4	405.482750071	10.1576527105	0.849044324324
2004	2957	14	MLTM-R-S-3-4	54.9259913322	11.1415568755	0.836030761208
2004	2957	15	MLTM-R	495.93931295	123.176604233	30.5324014948	12.7319215568	0.778407135007
2005	2957	0	MR-APA	938.942998568	0.902766700141
2005	2957	1	MR-APPA	338.728196058	0.963032894295
2005	2957	2	MR-APAPA	38.7161357186	0.956762869686
2005	2957	3	MR-APVPA	17.3306666929	0.828331024159
2005	2957	4	MR-project	13.5600603996	0.850029690862
2005	2957	5	R-Sub-APA	91.7054816257	37.0693579097	2.96011857154	0.928560867457
2005	2957	6	R-Sub-APPA	1102.09553753	0.0712559379172	6.18037630429	0.836461273249
2005	2957	7	R-Sub-APAPA	1064.13776608	89.388972866	3.56173427351	0.856721147448
2005	2957	8	R-Sub-APVPA	967.250173926	134.029136685	0.451682379494	0.887844849011
2005	2957	9	MLTM-R-S-1-2	968.89289225	133.648796995	0.886804095666
2005	2957	10	MLTM-R-S-1-3	927.732958237	1.4552956031	0.903724031127
2005	2957	11	MLTM-R-S-1-4	1093.66508557	5.87290594932	0.83903953489
2005	2957	12	MLTM-R-S-2-3	131.531761561	36.9998453393	0.945100370742
2005	2957	13	MLTM-R-S-2-4	293.542042061	5.60603593324	0.9164960035
2005	2957	14	MLTM-R-S-3-4	37.9837514195	4.11487951906	0.924472737453
2005	2957	15	MLTM-R	1071.03926069	84.7101385736	0.073020115777	3.89389659159	0.854365661459
2006	2957	0	MR-APA	972.404750175	0.909770708146
2006	2957	1	MR-APPA	400.942925418	0.962263591335
2006	2957	2	MR-APAPA	41.6198298132	0.953635171798
2006	2957	3	MR-APVPA	12.8424369927	0.866301103943
2006	2957	4	MR-project	10.5007560071	0.879333678035
2006	2957	5	R-Sub-APA	110.612676846	37.1515481607	0.960235271724	0.949854819971
2006	2957	6	R-Sub-APPA	1006.56475026	1.04084760888	3.05772108927	0.885101687788
2006	2957	7	R-Sub-APAPA	980.193164912	107.47036717	1.52438940148	0.895148323653
2006	2957	8	R-Sub-APVPA	923.713628035	121.321734019	2.21227874407	0.902555546255
2006	2957	9	MLTM-R-S-1-2	942.909678046	123.195376588	0.901619690458
2006	2957	10	MLTM-R-S-1-3	904.403977793	5.8983438888	0.910932993232
2006	2957	11	MLTM-R-S-1-4	1016.24420364	3.07843913557	0.883773562909
2006	2957	12	MLTM-R-S-2-3	118.288234398	37.1061746827	0.947705036539
2006	2957	13	MLTM-R-S-2-4	379.171636329	3.36230008148	0.936201329499
2006	2957	14	MLTM-R-S-3-4	40.3052651795	1.65939784049	0.948226227237
2006	2957	15	MLTM-R	965.707103224	109.936815208	1.10153518759	1.21257391208	0.899948985906
2007	2957	0	MR-APA	1204.17319247	0.899209411636
2007	2957	1	MR-APPA	769.095589708	0.939031117305
2007	2957	2	MR-APAPA	51.0809447091	0.945245823726
2007	2957	3	MR-APVPA	15.9970082179	0.819062675397
2007	2957	4	MR-project	13.5107387769	0.83227389681
2007	2957	5	R-Sub-APA	493.792380596	34.9293442616	1.25022398307	0.921912946142
2007	2957	6	R-Sub-APPA	1336.01661154	3.33762729228	5.26095610212	0.83725304129
2007	2957	7	R-Sub-APAPA	1191.36047405	399.305930441	1.81446228344	0.862406058191
2007	2957	8	R-Sub-APVPA	1010.26746202	419.284291651	5.66700683523	0.879151489456
2007	2957	9	MLTM-R-S-1-2	1106.70004568	416.52223338	0.876013599524
2007	2957	10	MLTM-R-S-1-3	1005.27378542	14.1762985803	0.902106336368
2007	2957	11	MLTM-R-S-1-4	1384.88866567	5.04571160188	0.837891922149
2007	2957	12	MLTM-R-S-2-3	497.225922184	34.5679737336	0.923996404785
2007	2957	13	MLTM-R-S-2-4	788.963315944	3.94662820233	0.899727548925
2007	2957	14	MLTM-R-S-3-4	50.1371646494	3.0199958931	0.921559744174
2007	2957	15	MLTM-R	1140.28806546	402.173473881	2.64033753751	1.68862921044	0.866429804828
2008	2957	0	MR-APA	1211.36728836	0.905235482863
2008	2957	1	MR-APPA	874.435169439	0.920309722647
2008	2957	2	MR-APAPA	51.8263730773	0.945164306044
2008	2957	3	MR-APVPA	16.2707996305	0.816632807135
2008	2957	4	MR-project	13.3377189469	0.834429777623
2008	2957	5	R-Sub-APA	604.596365307	25.8472960355	1.48585592037	0.912169945273
2008	2957	6	R-Sub-APPA	1334.04483175	0.833301885354	5.46367080507	0.843838909177
2008	2957	7	R-Sub-APAPA	1042.726333	421.564736254	2.10399626929	0.86812673374
2008	2957	8	R-Sub-APVPA	938.445281196	447.748486058	1.95592504062	0.885189708938
2008	2957	9	MLTM-R-S-1-2	959.877453417	447.910640064	0.884163952206
2008	2957	10	MLTM-R-S-1-3	1064.48846217	10.6187173881	0.906817310183
2008	2957	11	MLTM-R-S-1-4	1334.73852593	5.10313340537	0.847473097331
2008	2957	12	MLTM-R-S-2-3	594.753702115	26.5016758893	0.917454607798
2008	2957	13	MLTM-R-S-2-4	882.943986967	3.24496216483	0.890643418645
2008	2957	14	MLTM-R-S-3-4	49.0575670682	2.94774032934	0.923840473822
2008	2957	15	MLTM-R	1040.1713657	424.562108678	0.569236209872	2.11606067913	0.868655831561
2003	335	0	MR-APA	1413.42275683	0.825137070933
2003	335	1	MR-APPA	809.20642072	0.896305139231
2003	335	2	MR-APAPA	132.058172317	0.874527278575
2003	335	3	MR-APVPA	52.2391432642	0.530410610678
2003	335	4	MR-project	47.4831344311	0.524559557181
2003	335	5	R-Sub-APA	475.97174867	100.046739938	6.1375348727	0.794320533881
2003	335	6	R-Sub-APPA	2091.69488296	8.37638987027	25.1033556752	0.535363798457
2003	335	7	R-Sub-APAPA	1842.49285409	326.480417579	15.6769562245	0.607326340679
2003	335	8	R-Sub-APVPA	1241.66634065	428.315361518	15.6188450181	0.783081661929
2003	335	9	MLTM-R-S-1-2	1338.64187467	425.010538474	0.784340418506
2003	335	10	MLTM-R-S-1-3	1202.52582664	33.7079247359	0.820762820501
2003	335	11	MLTM-R-S-1-4	2085.39038751	22.7117157982	0.558890258319
2003	335	12	MLTM-R-S-2-3	501.590406658	92.678866232	0.848671311106
2003	335	13	MLTM-R-S-2-4	862.330716102	9.90359048217	0.79531227434
2003	335	14	MLTM-R-S-3-4	165.549073994	21.5507779822	0.661368156537
2003	335	15	MLTM-R	1862.43617045	315.760881468	5.64964929285	17.8024924501	0.586182407186
2004	335	0	MR-APA	1744.37976344	0.8050556268
2004	335	1	MR-APPA	1289.53891073	0.865977839745
2004	335	2	MR-APAPA	193.774443327	0.829599657447
2004	335	3	MR-APVPA	67.4910828825	0.441319735649
2004	335	4	MR-project	56.3558954652	0.470415216341
2004	335	5	R-Sub-APA	864.287374743	121.841752207	14.0420176917	0.686108012218
2004	335	6	R-Sub-APPA	2451.22463804	8.76363991009	35.0948732566	0.457088690027
2004	335	7	R-Sub-APAPA	2152.03244092	602.767849866	22.398107525	0.530461444452
2004	335	8	R-Sub-APVPA	1417.24768095	833.58989068	27.0536529588	0.740626035937
2004	335	9	MLTM-R-S-1-2	1572.17201579	817.746674829	0.746076259433
2004	335	10	MLTM-R-S-1-3	1313.71904849	78.0209439137	0.786424226468
2004	335	11	MLTM-R-S-1-4	2464.00141086	33.0129572785	0.474623347155
2004	335	12	MLTM-R-S-2-3	959.20122679	125.664997419	0.794205892543
2004	335	13	MLTM-R-S-2-4	1347.01972838	23.2967259614	0.653539056719
2004	335	14	MLTM-R-S-3-4	189.372970673	31.866923467	0.574267343747
2004	335	15	MLTM-R	2163.9466054	590.927382405	3.17741448533	23.8287395219	0.518843360564
2005	335	0	MR-APA	2393.95311281	0.77277617833
2005	335	1	MR-APPA	1810.05756988	0.857903498164
2005	335	2	MR-APAPA	231.029362856	0.80818603075
2005	335	3	MR-APVPA	49.8652093961	0.568140474612
2005	335	4	MR-project	43.8852944568	0.575120867853
2005	335	5	R-Sub-APA	643.704045144	176.791855326	11.8030877439	0.702891006847
2005	335	6	R-Sub-APPA	3015.20905112	7.96073949409	21.3126503871	0.549953396464
2005	335	7	R-Sub-APAPA	2913.04783131	294.574442683	17.992216961	0.566550351014
2005	335	8	R-Sub-APVPA	1927.4329294	648.308243715	37.5972707498	0.736539559868
2005	335	9	MLTM-R-S-1-2	2212.8216502	651.621873334	0.739203460108
2005	335	10	MLTM-R-S-1-3	1899.92933617	71.4111132583	0.76125123922
2005	335	11	MLTM-R-S-1-4	3057.82016244	20.7598008268	0.554907845967
2005	335	12	MLTM-R-S-2-3	829.530312115	174.362893981	0.787846289313
2005	335	13	MLTM-R-S-2-4	1678.67444549	22.2153637858	0.669915333329
2005	335	14	MLTM-R-S-3-4	225.551493096	18.1246002725	0.665499748578
2005	335	15	MLTM-R	2878.14842706	281.659643579	5.58031125791	18.358989633	0.564734965156
2006	335	0	MR-APA	3303.96545926	0.72859023298
2006	335	1	MR-APPA	2713.39877474	0.829960188195
2006	335	2	MR-APAPA	244.442138726	0.799384731698
2006	335	3	MR-APVPA	43.8440579451	0.604440833516
2006	335	4	MR-project	38.2562349679	0.614343704701
2006	335	5	R-Sub-APA	1226.89925797	180.518927966	6.94538367381	0.715418076932
2006	335	6	R-Sub-APPA	3872.32204833	1.70679280018	13.2387035984	0.582706628669
2006	335	7	R-Sub-APAPA	3654.13987324	710.519905034	8.42703773186	0.59723458511
2006	335	8	R-Sub-APVPA	3132.42802395	957.566371307	9.3909482297	0.678881061551
2006	335	9	MLTM-R-S-1-2	3207.62222727	946.569875638	0.67953158681
2006	335	10	MLTM-R-S-1-3	3089.50407949	30.6420025633	0.722655462227
2006	335	11	MLTM-R-S-1-4	3872.08422422	13.0496778321	0.584295762009
2006	335	12	MLTM-R-S-2-3	1337.89981108	187.239306769	0.761072254752
2006	335	13	MLTM-R-S-2-4	2354.65279191	22.9479905147	0.640322629522
2006	335	14	MLTM-R-S-3-4	223.00912954	10.6515663845	0.723883329564
2006	335	15	MLTM-R	3660.64152164	709.549913606	0.961840820061	8.60513282063	0.5958302642
2007	335	0	MR-APA	3486.68451405	0.738212126035
2007	335	1	MR-APPA	2407.05700553	0.852659791113
2007	335	2	MR-APAPA	210.098127277	0.823129296582
2007	335	3	MR-APVPA	27.3025507763	0.709686335504
2007	335	4	MR-project	24.8406751953	0.710351709233
2007	335	5	R-Sub-APA	910.12420312	161.28851632	1.52050822801	0.79998863228
2007	335	6	R-Sub-APPA	3736.16008072	0.887106151962	4.20865932926	0.690762395398
2007	335	7	R-Sub-APAPA	3562.68589755	433.733800184	2.61135014792	0.69284564393
2007	335	8	R-Sub-APVPA	3338.97695853	560.027403551	1.78435265458	0.714633273308
2007	335	9	MLTM-R-S-1-2	3348.64571313	556.717062611	0.714331371516
2007	335	10	MLTM-R-S-1-3	3450.25497968	5.75398572944	0.737423838264
2007	335	11	MLTM-R-S-1-4	3736.22440423	4.19992082968	0.690403718533
2007	335	12	MLTM-R-S-2-3	940.189838082	161.916142606	0.801746617216
2007	335	13	MLTM-R-S-2-4	1906.34377608	11.4452986943	0.754925833031
2007	335	14	MLTM-R-S-3-4	201.864320567	3.05576266883	0.807652709152
2007	335	15	MLTM-R	3561.4452908	445.997985272	0.520488022774	2.52533956392	0.693910946137
2008	335	0	MR-APA	3229.31817252	0.77013524223
2008	335	1	MR-APPA	2350.11267498	0.826891781972
2008	335	2	MR-APAPA	151.960559867	0.863862232945
2008	335	3	MR-APVPA	18.258176514	0.79643271076
2008	335	4	MR-project	16.7000275847	0.796438421053
2008	335	5	R-Sub-APA	999.23952898	99.073626909	0.232918826363	0.842397202822
2008	335	6	R-Sub-APPA	3308.60016116	0.695595311045	0.989058169479	0.769045160831
2008	335	7	R-Sub-APAPA	3111.22449586	331.713404496	0.592518213594	0.760410314759
2008	335	8	R-Sub-APVPA	3020.58388565	373.772387208	0.412176346262	0.755886692504
2008	335	9	MLTM-R-S-1-2	3020.91827778	367.968507608	0.755446770412
2008	335	10	MLTM-R-S-1-3	3223.27820456	1.0723216007	0.77078129884
2008	335	11	MLTM-R-S-1-4	3317.74199836	1.16119465185	0.76591466551
2008	335	12	MLTM-R-S-2-3	989.72078059	98.3891979744	0.831557310764
2008	335	13	MLTM-R-S-2-4	2054.17163255	4.12347920842	0.805037182287
2008	335	14	MLTM-R-S-3-4	149.685348325	1.09153195685	0.867015742455
2008	335	15	MLTM-R	3091.69764884	353.35995833	0.427379143788	0.398506017211	0.763144047404
1998	781	0	MR-APA	169.757438345	0.964717401642
1998	781	1	MR-APPA	0.0313819297575	1.00019020988
1998	781	2	MR-APAPA	15.1450552204	0.981629726602
1998	781	3	MR-APVPA	9.70003832797	0.88591706516
1998	781	4	MR-project	9.42222735962	0.877683392678
1998	781	5	R-Sub-APA	0.0164793236044	19.1490334231	8.24653338855	0.88494938705
1998	781	6	R-Sub-APPA	244.79107638	0.00440102889428	7.91260038126	0.863643178577
1998	781	7	R-Sub-APAPA	243.821285568	0.00856001537757	7.79474045876	0.864089977392
1998	781	8	R-Sub-APVPA	170.062099855	0.0134778222845	1.90901152388e-06	0.96627488871
1998	781	9	MLTM-R-S-1-2	169.820186533	0.0182154746326	0.964897417962
1998	781	10	MLTM-R-S-1-3	170.003355302	1.92759347591e-06	0.966094725751
1998	781	11	MLTM-R-S-1-4	243.763014587	7.79285228654	0.863935471901
1998	781	12	MLTM-R-S-2-3	0.0338522113019	15.1782541441	0.981777787405
1998	781	13	MLTM-R-S-2-4	0.00974065709678	9.71480979783	0.885924677999
1998	781	14	MLTM-R-S-3-4	19.1349652282	8.23685441721	0.884895349707
1998	781	15	MLTM-R	244.845422143	0.00656753448155	0.00440895542522	7.91444849777	0.863797948811
1999	781	0	MR-APA	258.649166375	0.954219941488
1999	781	1	MR-APPA	279.503097207	0.958349529329
1999	781	2	MR-APAPA	39.922383356	0.957192840553
1999	781	3	MR-APVPA	24.0088049145	0.746205010812
1999	781	4	MR-project	21.3749305613	0.749843444061
1999	781	5	R-Sub-APA	0.691245366189	35.3086733734	18.9968783604	0.767686888496
1999	781	6	R-Sub-APPA	210.610280479	14.1872343941	21.1783288705	0.732732959606
1999	781	7	R-Sub-APAPA	319.851321584	0.429773071853	19.9374462635	0.739237644739
1999	781	8	R-Sub-APVPA	106.79336462	0.0398745355592	26.9844016846	0.952641359882
1999	781	9	MLTM-R-S-1-2	258.83376411	0.294340171297	0.954319394895
1999	781	10	MLTM-R-S-1-3	106.713234964	26.9870239103	0.952480652418
1999	781	11	MLTM-R-S-1-4	319.697340315	19.9204219847	0.739312784501
1999	781	12	MLTM-R-S-2-3	0.455585398285	40.0527884212	0.957173822846
1999	781	13	MLTM-R-S-2-4	382.621348769	24.3723914415	0.69872183686
1999	781	14	MLTM-R-S-3-4	35.3043724558	18.954677183	0.768026047857
1999	781	15	MLTM-R	210.715008636	0.21413044302	14.1824342263	21.1833055623	0.732814542384
2000	781	0	MR-APA	908.998717734	0.858160867695
2000	781	1	MR-APPA	688.547370163	0.905144335344
2000	781	2	MR-APAPA	133.481557197	0.877554445582
2000	781	3	MR-APVPA	30.2373162728	0.677434592156
2000	781	4	MR-project	28.7174125776	0.663857345307
2000	781	5	R-Sub-APA	458.044942934	114.701182293	21.1744366723	0.634465527361
2000	781	6	R-Sub-APPA	1161.58001122	3.04572071108	18.9561997408	0.635459713885
2000	781	7	R-Sub-APAPA	1190.91352198	71.0539681657	18.6967897429	0.626617716451
2000	781	8	R-Sub-APVPA	916.314016842	106.522319862	2.4630226695	0.841204406493
2000	781	9	MLTM-R-S-1-2	925.910965724	84.799762369	0.843691820326
2000	781	10	MLTM-R-S-1-3	900.712590134	4.20730023431	0.856797943198
2000	781	11	MLTM-R-S-1-4	1171.60881767	18.4255431533	0.640194754415
2000	781	12	MLTM-R-S-2-3	329.773465436	134.144760644	0.837751826763
2000	781	13	MLTM-R-S-2-4	937.310866295	27.6704089408	0.602534098814
2000	781	14	MLTM-R-S-3-4	122.399213109	20.3451936517	0.686205994357
2000	781	15	MLTM-R	1179.47356843	91.7989317776	2.24762850379	18.9649545389	0.622683636053
2001	781	0	MR-APA	741.359767136	0.891776261676
2001	781	1	MR-APPA	449.161845285	0.928996137313
2001	781	2	MR-APAPA	118.528684037	0.889794008524
2001	781	3	MR-APVPA	17.919698054	0.797077118461
2001	781	4	MR-project	17.3379144951	0.784942284013
2001	781	5	R-Sub-APA	152.061870118	110.904745946	10.7991288362	0.767382470727
2001	781	6	R-Sub-APPA	729.703733927	20.1089699662	10.2718640845	0.771029784606
2001	781	7	R-Sub-APAPA	842.321175229	91.2527577034	9.57483703604	0.766473543954
2001	781	8	R-Sub-APVPA	630.918277943	200.743149909	31.2276998925	0.850649280543
2001	781	9	MLTM-R-S-1-2	766.054342996	173.121540507	0.862405562581
2001	781	10	MLTM-R-S-1-3	616.648003489	29.1391622047	0.882853902802
2001	781	11	MLTM-R-S-1-4	824.694590683	9.87070690821	0.778412158337
2001	781	12	MLTM-R-S-2-3	238.985404737	126.123555498	0.852729779335
2001	781	13	MLTM-R-S-2-4	224.429034338	16.6299607345	0.777425463884
2001	781	14	MLTM-R-S-3-4	105.421710748	11.4319972789	0.784350336146
2001	781	15	MLTM-R	745.320878319	119.032068831	19.1153913122	9.58883727271	0.760788573525
2002	781	0	MR-APA	786.990401617	0.892645001184
2002	781	1	MR-APPA	940.097602409	0.877515813584
2002	781	2	MR-APAPA	106.880152613	0.897846437099
2002	781	3	MR-APVPA	26.5353415878	0.720295507964
2002	781	4	MR-project	24.5359510371	0.715014065636
2002	781	5	R-Sub-APA	504.911193752	75.4308820667	17.0652615697	0.696937096644
2002	781	6	R-Sub-APPA	642.741950559	29.8625849119	17.1417200937	0.715415455465
2002	781	7	R-Sub-APAPA	801.783778076	470.39025617	14.105272818	0.693188987841
2002	781	8	R-Sub-APVPA	619.338534667	535.305454717	24.2947011899	0.825505548109
2002	781	9	MLTM-R-S-1-2	751.282794141	524.584304577	0.829741375988
2002	781	10	MLTM-R-S-1-3	596.145843978	33.9979036453	0.886208404669
2002	781	11	MLTM-R-S-1-4	870.999951261	15.840710976	0.723804667306
2002	781	12	MLTM-R-S-2-3	581.018296841	101.110299734	0.834366915213
2002	781	13	MLTM-R-S-2-4	864.928963043	20.1132107281	0.683184683243
2002	781	14	MLTM-R-S-3-4	83.3339724646	18.5703044084	0.734053133387
2002	781	15	MLTM-R	646.931989658	483.956239096	20.3325644462	14.6656115269	0.690048549556
2003	781	0	MR-APA	1238.16905429	0.844863149285
2003	781	1	MR-APPA	718.093804027	0.905671617286
2003	781	2	MR-APAPA	167.677938214	0.848536624947
2003	781	3	MR-APVPA	18.4439921965	0.807656247807
2003	781	4	MR-project	17.7539216017	0.794765434172
2003	781	5	R-Sub-APA	113.801201087	146.329756584	6.37356776457	0.797645825204
2003	781	6	R-Sub-APPA	1202.52299955	20.7312645726	5.5499640776	0.785789459233
2003	781	7	R-Sub-APAPA	1331.0906002	37.677983557	5.33217180104	0.785545632329
2003	781	8	R-Sub-APVPA	1127.83883069	220.518771482	26.0020248282	0.808969561188
2003	781	9	MLTM-R-S-1-2	1272.54555012	209.631212642	0.814949523114
2003	781	10	MLTM-R-S-1-3	1056.81742629	37.1542449018	0.833793004196
2003	781	11	MLTM-R-S-1-4	1318.87432412	5.37229709298	0.7910472516
2003	781	12	MLTM-R-S-2-3	242.812754993	163.636828744	0.824567746888
2003	781	13	MLTM-R-S-2-4	521.994331114	14.844120938	0.779973104933
2003	781	14	MLTM-R-S-3-4	146.594667814	6.5414060538	0.808614566723
2003	781	15	MLTM-R	1235.4105349	61.8819965898	16.1650327932	5.33759090877	0.78070669362
2004	781	0	MR-APA	693.361902685	0.91655678428
2004	781	1	MR-APPA	655.30786376	0.920968521425
2004	781	2	MR-APAPA	64.4059644523	0.930802675537
2004	781	3	MR-APVPA	16.446240345	0.833121800439
2004	781	4	MR-project	14.2657326601	0.83873839938
2004	781	5	R-Sub-APA	241.073077485	37.0655983812	9.2011457243	0.843610073812
2004	781	6	R-Sub-APPA	654.227417019	0.400931715927	8.27055058153	0.845442225468
2004	781	7	R-Sub-APAPA	658.750153018	183.213458572	6.78068471093	0.837962193569
2004	781	8	R-Sub-APVPA	695.292931514	316.842444521	0.460730479395	0.879908978759
2004	781	9	MLTM-R-S-1-2	698.798978323	307.588642922	0.879589642564
2004	781	10	MLTM-R-S-1-3	689.664537273	1.44239748359	0.916799981168
2004	781	11	MLTM-R-S-1-4	657.165332552	7.65478212414	0.8504379414
2004	781	12	MLTM-R-S-2-3	392.814067313	58.8140084164	0.892534523609
2004	781	13	MLTM-R-S-2-4	383.420145208	13.2023443464	0.821297087755
2004	781	14	MLTM-R-S-3-4	39.5196566693	10.3740005415	0.856793873623
2004	781	15	MLTM-R	657.195936119	187.971488718	0.059564865889	6.8454554415	0.838210863982
2005	781	0	MR-APA	947.696899909	0.901899250618
2005	781	1	MR-APPA	622.035543535	0.937817376532
2005	781	2	MR-APAPA	67.5413101054	0.929169734549
2005	781	3	MR-APVPA	16.0121780647	0.84069934207
2005	781	4	MR-project	13.9691077258	0.845629782842
2005	781	5	R-Sub-APA	64.4064660458	40.1620415691	9.57814070029	0.860743423182
2005	781	6	R-Sub-APPA	972.879079387	0.287387000959	6.5021154049	0.844658276616
2005	781	7	R-Sub-APAPA	986.210025517	56.9047617398	6.13207253434	0.840793184882
2005	781	8	R-Sub-APVPA	985.423318595	217.657841808	0.144404886949	0.878742668625
2005	781	9	MLTM-R-S-1-2	984.731565215	215.133656832	0.877813541401
2005	781	10	MLTM-R-S-1-3	945.609627302	1.42943517128	0.902003217519
2005	781	11	MLTM-R-S-1-4	971.701593534	6.28609583086	0.845887621364
2005	781	12	MLTM-R-S-2-3	273.677255517	64.6853588656	0.906681564082
2005	781	13	MLTM-R-S-2-4	251.038693386	14.0654051012	0.8353309722
2005	781	14	MLTM-R-S-3-4	41.6086561001	9.46420143847	0.86664187869
2005	781	15	MLTM-R	987.591662626	53.9511589069	0.0635231805573	6.27164408713	0.840795102897
