1988	1219	0	MR-APA	19.9609032201	0.991184599116
1988	1219	1	MR-APPA	0.0160499688051	1.00023153476
1988	1219	2	MR-APAPA	0.0143921269086	1.00149328531
1988	1219	3	MR-APVPA	0.175845312769	1.01856360278
1988	1219	4	MR-project	0.13089508917	1.02141685062
1988	1219	5	R-Sub-APA	0.000122129809937	6.02152162177e-05	0.175104547517	1.02023816393
1988	1219	6	R-Sub-APPA	20.2400850549	4.12796761215e-08	0.0192158599426	1.014640219
1988	1219	7	R-Sub-APAPA	20.2172057171	1.67396441605e-07	0.0191476104451	1.01345203971
1988	1219	8	R-Sub-APVPA	19.995590361	1.14805283522e-05	3.30352288511e-06	0.992915027524
1988	1219	9	MLTM-R-S-1-2	19.9660757516	1.12899986045e-05	0.991417314676
1988	1219	10	MLTM-R-S-1-3	19.9925437092	3.2823058895e-06	0.992682844569
1988	1219	11	MLTM-R-S-1-4	20.2127672199	0.0191396475615	1.01322598168
1988	1219	12	MLTM-R-S-2-3	0.00974403109807	0.00569881582612	1.00173809339
1988	1219	13	MLTM-R-S-2-4	0.000128643198007	0.17522013127	1.01880635886
1988	1219	14	MLTM-R-S-3-4	6.27646152726e-05	0.175729010716	1.01999668453
1988	1219	15	MLTM-R	20.2445003565	1.66021217235e-07	4.12642664563e-08	0.0192237560268	1.01486502964
1989	1219	0	MR-APA	62.5861663748	0.972098584738
1989	1219	1	MR-APPA	39.115061902	0.989298530488
1989	1219	2	MR-APAPA	9.24416252624	0.986935355547
1989	1219	3	MR-APVPA	4.66052491174	0.920488727224
1989	1219	4	MR-project	4.64732230767	0.913519219014
1989	1219	5	R-Sub-APA	21.3510405834	11.6822625707	3.95733312285	0.916024160172
1989	1219	6	R-Sub-APPA	94.2123983715	0.00749090216676	3.76430010436	0.901916925065
1989	1219	7	R-Sub-APAPA	93.5178614749	2.20288520174	3.78910638331	0.899670711421
1989	1219	8	R-Sub-APVPA	62.2932019019	1.33774027116	0.000703876750255	0.974035171602
1989	1219	9	MLTM-R-S-1-2	62.1603458979	1.38855624547	0.972191505405
1989	1219	10	MLTM-R-S-1-3	62.7025407441	0.00823369878325	0.973923440037
1989	1219	11	MLTM-R-S-1-4	93.9676365967	3.74461654199	0.900672982252
1989	1219	12	MLTM-R-S-2-3	14.7974283682	7.63521861917	0.985484076904
1989	1219	13	MLTM-R-S-2-4	54.5619973436	4.3562385983	0.913513095516
1989	1219	14	MLTM-R-S-3-4	13.9650676805	3.85369097657	0.920383241699
1989	1219	15	MLTM-R	93.7063052768	2.20363316859	0.00134198898748	3.79918235356	0.901143082779
1990	1219	0	MR-APA	112.204845308	0.95822826463
1990	1219	1	MR-APPA	242.688035347	0.945290740871
1990	1219	2	MR-APAPA	20.6665824857	0.975106767764
1990	1219	3	MR-APVPA	6.96027587757	0.886079568597
1990	1219	4	MR-project	6.46800143019	0.886155926158
1990	1219	5	R-Sub-APA	288.484352506	1.24844249553	4.52576770509	0.872693276879
1990	1219	6	R-Sub-APPA	149.462641357	0.417885584414	5.12391471707	0.869514106504
1990	1219	7	R-Sub-APAPA	98.355268794	115.619281052	4.4920814187	0.872339404785
1990	1219	8	R-Sub-APVPA	45.0735739513	152.932010056	0.450758416504	0.948098054857
1990	1219	9	MLTM-R-S-1-2	59.9124212001	133.821820291	0.945885522947
1990	1219	10	MLTM-R-S-1-3	111.376039281	0.313919131311	0.959586218422
1990	1219	11	MLTM-R-S-1-4	149.870168554	5.02935816468	0.870154512651
1990	1219	12	MLTM-R-S-2-3	238.174503041	0.583128727703	0.946868834406
1990	1219	13	MLTM-R-S-2-4	298.354540253	4.44904292383	0.872337890526
1990	1219	14	MLTM-R-S-3-4	26.0583192929	5.12745288152	0.893323139537
1990	1219	15	MLTM-R	83.9248380787	136.909762071	0.505145008619	4.52856232574	0.87313506048
1991	1219	0	MR-APA	192.509925656	0.935075705387
1991	1219	1	MR-APPA	98.9358166689	0.976222232322
1991	1219	2	MR-APAPA	13.0771712474	0.984750298693
1991	1219	3	MR-APVPA	2.47065321358	0.970288704466
1991	1219	4	MR-project	2.6884426836	0.963091719441
1991	1219	5	R-Sub-APA	0.284414502891	13.7040808337	1.03905792611	0.984092991251
1991	1219	6	R-Sub-APPA	208.276413274	0.13977497741	0.663995956404	0.938894591008
1991	1219	7	R-Sub-APAPA	208.599330785	0.452880033499	0.664313578362	0.937759990406
1991	1219	8	R-Sub-APVPA	193.318641231	6.26482506086	0.103689144657	0.934882282401
1991	1219	9	MLTM-R-S-1-2	192.181397279	11.214102883	0.932750940264
1991	1219	10	MLTM-R-S-1-3	192.570285146	0.154636605458	0.936314106359
1991	1219	11	MLTM-R-S-1-4	208.268738999	0.665225737928	0.937692281695
1991	1219	12	MLTM-R-S-2-3	12.5430419143	12.7566806226	0.982255301547
1991	1219	13	MLTM-R-S-2-4	76.8309381894	1.47369929247	0.972144261031
1991	1219	14	MLTM-R-S-3-4	13.6181310796	1.03628792142	0.984051493732
1991	1219	15	MLTM-R	208.369408311	0.0537828111485	0.136192552064	0.664101242199	0.939116776832
1992	1219	0	MR-APA	114.703144498	0.965694369204
1992	1219	1	MR-APPA	71.5556692728	0.983779968723
1992	1219	2	MR-APAPA	15.8890729704	0.98199563884
1992	1219	3	MR-APVPA	4.78250288144	0.936239342865
1992	1219	4	MR-project	5.34924895011	0.920528526546
1992	1219	5	R-Sub-APA	1.02317103886	17.6965657132	3.99678614574	0.931542081883
1992	1219	6	R-Sub-APPA	127.995504922	1.70608210421	4.02662694903	0.912128031286
1992	1219	7	R-Sub-APAPA	138.109603956	0.899532466714	3.91347041418	0.911687942967
1992	1219	8	R-Sub-APVPA	101.967948669	46.8540227007	2.91935164364	0.957190795359
1992	1219	9	MLTM-R-S-1-2	120.129614898	45.6808692632	0.954182167161
1992	1219	10	MLTM-R-S-1-3	98.2047526564	2.58765651496	0.968801631849
1992	1219	11	MLTM-R-S-1-4	137.847295063	3.91720101257	0.911653130362
1992	1219	12	MLTM-R-S-2-3	47.9578539019	17.4160751111	0.970094873238
1992	1219	13	MLTM-R-S-2-4	0.311048211222	4.89662848734	0.934565175394
1992	1219	14	MLTM-R-S-3-4	17.5555192671	3.91378194727	0.932985453525
1992	1219	15	MLTM-R	128.229836337	0.428464723918	1.6884375203	4.02319180438	0.912284159431
1993	1219	0	MR-APA	105.844344092	0.969967882654
1993	1219	1	MR-APPA	59.6108527652	0.986406351301
1993	1219	2	MR-APAPA	13.9643008782	0.983876522459
1993	1219	3	MR-APVPA	4.3219639654	0.954228054206
1993	1219	4	MR-project	4.08944250282	0.952400343118
1993	1219	5	R-Sub-APA	0.967762289986	14.6815958205	2.37690266213	0.964912798952
1993	1219	6	R-Sub-APPA	111.346034275	1.06628702917	2.44521602131	0.949294172285
1993	1219	7	R-Sub-APAPA	113.296972232	16.8708613386	2.30680614253	0.947068865135
1993	1219	8	R-Sub-APVPA	96.3602863671	44.2635853113	0.314459177341	0.963924757926
1993	1219	9	MLTM-R-S-1-2	97.9209348325	43.5857390206	0.962645691522
1993	1219	10	MLTM-R-S-1-3	95.0044448665	1.82147890349	0.972124380639
1993	1219	11	MLTM-R-S-1-4	116.949919225	2.36888327299	0.948716102608
1993	1219	12	MLTM-R-S-2-3	31.5164507759	13.8672438595	0.977219950788
1993	1219	13	MLTM-R-S-2-4	57.3048865219	3.74086490349	0.949787826077
1993	1219	14	MLTM-R-S-3-4	14.6277637835	2.30243819539	0.965941042158
1993	1219	15	MLTM-R	113.39954422	6.8130644809	0.534314249996	2.42543787871	0.948340446922
1996	1575	0	MR-APA	774.932871232	0.843436375442
1996	1575	1	MR-APPA	101.059923133	0.982358532133
1996	1575	2	MR-APAPA	122.514684138	0.882834767788
1996	1575	3	MR-APVPA	46.1600727751	0.5791460813
1996	1575	4	MR-project	40.2420464959	0.584965763288
1996	1575	5	R-Sub-APA	0.0013404715586	134.76660686	16.3028796135	0.724789347567
1996	1575	6	R-Sub-APPA	831.887795672	6.8391917929	18.7889704323	0.654646467728
1996	1575	7	R-Sub-APAPA	839.721535808	0.000925807350447	13.5442938447	0.704461103823
1996	1575	8	R-Sub-APVPA	742.231389637	4.04516677698e-05	8.35910506194	0.843292231162
1996	1575	9	MLTM-R-S-1-2	775.082846396	0.00331641596433	0.84359999494
1996	1575	10	MLTM-R-S-1-3	742.073730154	8.35714887188	0.843132843289
1996	1575	11	MLTM-R-S-1-4	839.565824247	13.5428351218	0.704319321231
1996	1575	12	MLTM-R-S-2-3	0.0100689500551	122.552047279	0.882993083133
1996	1575	13	MLTM-R-S-2-4	68.6403028526	42.8033512205	0.595714644019
1996	1575	14	MLTM-R-S-3-4	134.73305762	16.2917815981	0.72473148475
1996	1575	15	MLTM-R	832.052346847	1.29326983555e-05	6.84532148754	18.7998196704	0.654698942579
1997	1575	0	MR-APA	546.824450241	0.890709805324
1997	1575	1	MR-APPA	364.855057026	0.944940568775
1997	1575	2	MR-APAPA	73.8112612289	0.923728223989
1997	1575	3	MR-APVPA	60.536077595	0.473464512992
1997	1575	4	MR-project	56.8687174855	0.453166976694
1997	1575	5	R-Sub-APA	11.5060552295	89.2686034653	50.72870119	0.488251994738
1997	1575	6	R-Sub-APPA	627.252406272	12.3488174685	47.9732507706	0.462795803434
1997	1575	7	R-Sub-APAPA	697.374179525	9.21408782393	40.6144078735	0.510129588624
1997	1575	8	R-Sub-APVPA	494.463259078	118.716428859	15.9910845695	0.869182292916
1997	1575	9	MLTM-R-S-1-2	572.417593594	98.0035054108	0.871523683973
1997	1575	10	MLTM-R-S-1-3	484.122677325	13.1046352015	0.890714317877
1997	1575	11	MLTM-R-S-1-4	697.297209792	40.7425664993	0.510003675822
1997	1575	12	MLTM-R-S-2-3	148.996648723	79.8586016639	0.89828865613
1997	1575	13	MLTM-R-S-2-4	499.875025449	57.9692370949	0.448480110466
1997	1575	14	MLTM-R-S-3-4	88.8645632466	50.1131808647	0.49353925851
1997	1575	15	MLTM-R	627.300292268	6.14217304536	12.3757020534	47.9347451417	0.462593778299
1998	1575	0	MR-APA	476.487273325	0.904496054308
1998	1575	1	MR-APPA	292.215528689	0.953899842891
1998	1575	2	MR-APAPA	70.9298166322	0.922949861486
1998	1575	3	MR-APVPA	17.7389354332	0.792415219165
1998	1575	4	MR-project	19.076932358	0.756092879115
1998	1575	5	R-Sub-APA	0.131491440836	75.5986424282	10.9517727326	0.80311537021
1998	1575	6	R-Sub-APPA	513.789345612	4.98509431575	9.8704198614	0.788321626327
1998	1575	7	R-Sub-APAPA	533.69226788	0.180363137414	8.5838457431	0.803044278087
1998	1575	8	R-Sub-APVPA	446.511227074	1.40413142191	7.09311775237	0.903827377999
1998	1575	9	MLTM-R-S-1-2	477.084081591	2.38363124189	0.904187505922
1998	1575	10	MLTM-R-S-1-3	445.924264331	7.13905985957	0.903921492801
1998	1575	11	MLTM-R-S-1-4	533.423721445	8.57206211593	0.803065558246
1998	1575	12	MLTM-R-S-2-3	1.42595139372	71.0177992125	0.922844553429
1998	1575	13	MLTM-R-S-2-4	208.350714582	16.4831884284	0.778294976109
1998	1575	14	MLTM-R-S-3-4	75.5160126633	10.8952615514	0.803641961961
1998	1575	15	MLTM-R	513.944067185	0.0454019153442	4.98173152294	9.87364552797	0.788441172451
1999	1575	0	MR-APA	946.823050491	0.843263829319
1999	1575	1	MR-APPA	995.663450877	0.88419307588
1999	1575	2	MR-APAPA	174.963815178	0.85025627324
1999	1575	3	MR-APVPA	41.5995821424	0.588305871716
1999	1575	4	MR-project	39.0426585872	0.575118453313
1999	1575	5	R-Sub-APA	546.375861431	210.581011068	19.0533999815	0.606478320735
1999	1575	6	R-Sub-APPA	1138.87806582	10.7738623234	22.3102653946	0.59866766536
1999	1575	7	R-Sub-APAPA	1140.27122101	400.269030508	17.4648441542	0.608084448168
1999	1575	8	R-Sub-APVPA	832.496642975	480.957255416	36.872949979	0.778370183138
1999	1575	9	MLTM-R-S-1-2	972.144133997	433.685374287	0.789642520207
1999	1575	10	MLTM-R-S-1-3	848.303212152	26.8801131071	0.836255295401
1999	1575	11	MLTM-R-S-1-4	1171.02067498	20.810612038	0.61397713287
1999	1575	12	MLTM-R-S-2-3	585.573794121	187.410862513	0.785294976347
1999	1575	13	MLTM-R-S-2-4	1188.75961682	31.088261929	0.573555909127
1999	1575	14	MLTM-R-S-3-4	206.690374504	22.9138210425	0.622833625412
1999	1575	15	MLTM-R	1078.75296975	429.236404774	15.4638135305	18.3517696033	0.596685348203
2000	1575	0	MR-APA	955.890377247	0.851393863454
2000	1575	1	MR-APPA	973.494198837	0.87648938917
2000	1575	2	MR-APAPA	126.599460592	0.882567364592
2000	1575	3	MR-APVPA	26.6581579442	0.711540245969
2000	1575	4	MR-project	24.7436948098	0.705281130265
2000	1575	5	R-Sub-APA	417.14018528	113.371515113	9.15393132308	0.756087802687
2000	1575	6	R-Sub-APPA	1026.5892994	0.86350957134	7.00941803125	0.7755851231
2000	1575	7	R-Sub-APAPA	1034.9975173	171.973686591	6.4075018169	0.758207298072
2000	1575	8	R-Sub-APVPA	976.677342382	292.741902922	0.266478746232	0.81123827864
2000	1575	9	MLTM-R-S-1-2	976.346143644	289.256705823	0.810624067939
2000	1575	10	MLTM-R-S-1-3	953.258674067	2.97085261363	0.850356325818
2000	1575	11	MLTM-R-S-1-4	1021.80924324	6.32962431423	0.783134746106
2000	1575	12	MLTM-R-S-2-3	491.688027653	120.053771645	0.830545552808
2000	1575	13	MLTM-R-S-2-4	939.718249552	19.8380726096	0.675726941389
2000	1575	14	MLTM-R-S-3-4	120.675520986	8.14817443019	0.809300862321
2000	1575	15	MLTM-R	1035.83940327	174.563287867	0.106710197501	6.45652642623	0.758393298154
2001	1575	0	MR-APA	846.766701565	0.877476430016
2001	1575	1	MR-APPA	896.250099234	0.876646315338
2001	1575	2	MR-APAPA	99.6055336041	0.904441786221
2001	1575	3	MR-APVPA	18.9736192897	0.786123764435
2001	1575	4	MR-project	17.2425135645	0.78599264889
2001	1575	5	R-Sub-APA	240.433695846	93.2491702754	2.97089018594	0.854618197144
2001	1575	6	R-Sub-APPA	842.935998996	4.40755461161	3.75652050707	0.842949361059
2001	1575	7	R-Sub-APAPA	861.176432514	164.824769649	2.45890133936	0.834959501021
2001	1575	8	R-Sub-APVPA	799.183750818	227.366139601	4.42490472262	0.847959603492
2001	1575	9	MLTM-R-S-1-2	835.281912258	207.99643198	0.84852662017
2001	1575	10	MLTM-R-S-1-3	795.793257583	7.83958712898	0.878193403777
2001	1575	11	MLTM-R-S-1-4	869.044407502	3.10148011267	0.850142119796
2001	1575	12	MLTM-R-S-2-3	271.120768958	93.5632203771	0.872373954486
2001	1575	13	MLTM-R-S-2-4	825.884792922	10.7969909376	0.768980083958
2001	1575	14	MLTM-R-S-3-4	98.0960068435	3.21682837274	0.880544589946
2001	1575	15	MLTM-R	828.256376387	187.690764977	3.69538943163	2.42170969542	0.834523400158
2006	2408	0	MR-APA	311.116695272	0.969632778711
2006	2408	1	MR-APPA	202.176866141	0.979664201675
2006	2408	2	MR-APAPA	17.452354331	0.979558237361
2006	2408	3	MR-APVPA	40.9302445767	0.626117374316
2006	2408	4	MR-project	35.2506505871	0.639602279707
2006	2408	5	R-Sub-APA	82.1725279706	23.631980691	22.5856511588	0.749114967428
2006	2408	6	R-Sub-APPA	523.516059142	1.36954983101	36.8423173088	0.620220669249
2006	2408	7	R-Sub-APAPA	515.382605041	60.1289950454	30.5103713561	0.664875459842
2006	2408	8	R-Sub-APVPA	299.29205484	110.842152482	3.0999762033	0.957748779403
2006	2408	9	MLTM-R-S-1-2	329.892045502	103.747825712	0.957798859797
2006	2408	10	MLTM-R-S-1-3	294.757163386	2.12284660238	0.969974664032
2006	2408	11	MLTM-R-S-1-4	514.310132625	31.7134553302	0.659810646367
2006	2408	12	MLTM-R-S-2-3	119.457534749	18.6619098	0.966885292804
2006	2408	13	MLTM-R-S-2-4	189.061503462	24.5082097246	0.742556165216
2006	2408	14	MLTM-R-S-3-4	28.6532138271	35.2709121856	0.64885867665
2006	2408	15	MLTM-R	526.085243099	53.2735646392	1.40867395248	36.0379579223	0.622339957796
2007	2408	0	MR-APA	1858.07496933	0.850093771586
2007	2408	1	MR-APPA	1167.88556763	0.914530221258
2007	2408	2	MR-APAPA	249.319030207	0.799451389688
2007	2408	3	MR-APVPA	84.4168606934	0.318559430934
2007	2408	4	MR-project	74.8065700856	0.32796161271
2007	2408	5	R-Sub-APA	489.98965074	191.113398675	39.1214692695	0.477267335529
2007	2408	6	R-Sub-APPA	2466.91847585	39.0314020728	63.5599266821	0.293935098408
2007	2408	7	R-Sub-APAPA	2671.98853596	288.21577261	52.4997961425	0.352297766779
2007	2408	8	R-Sub-APVPA	976.869974035	1007.18435297	170.142538855	0.732973199024
2007	2408	9	MLTM-R-S-1-2	2121.19298431	817.310917108	0.78035520667
2007	2408	10	MLTM-R-S-1-3	878.129900498	183.875276462	0.783650922015
2007	2408	11	MLTM-R-S-1-4	2674.49102219	54.7613355965	0.352415251395
2007	2408	12	MLTM-R-S-2-3	1042.95960818	243.960697919	0.748752601442
2007	2408	13	MLTM-R-S-2-4	1138.64417236	65.0200719962	0.375185236022
2007	2408	14	MLTM-R-S-3-4	202.596471323	50.7086033915	0.419113986147
2007	2408	15	MLTM-R	2464.4898872	245.867572272	37.9275389355	61.536565852	0.294553162237
2008	2408	0	MR-APA	2233.84614553	0.83430409712
2008	2408	1	MR-APPA	1780.38055749	0.859590336981
2008	2408	2	MR-APAPA	164.923335365	0.855369439928
2008	2408	3	MR-APVPA	55.6875099266	0.501443296424
2008	2408	4	MR-project	45.4502748193	0.538327117364
2008	2408	5	R-Sub-APA	764.815260669	112.741966827	10.5723281106	0.735043995729
2008	2408	6	R-Sub-APPA	2874.48253979	7.09724460419	26.5097628925	0.552309376982
2008	2408	7	R-Sub-APAPA	2775.28126084	430.038086378	18.0156533779	0.601184776395
2008	2408	8	R-Sub-APVPA	2118.56255695	800.320678722	30.6616669506	0.760918882464
2008	2408	9	MLTM-R-S-1-2	2363.49927	798.806224962	0.76691545901
2008	2408	10	MLTM-R-S-1-3	1892.47153289	58.9013745676	0.81119066817
2008	2408	11	MLTM-R-S-1-4	2872.85460293	24.1474594448	0.574080755626
2008	2408	12	MLTM-R-S-2-3	983.547398165	124.232203027	0.814748635498
2008	2408	13	MLTM-R-S-2-4	1623.7589431	17.6328136971	0.689242718996
2008	2408	14	MLTM-R-S-3-4	138.899791927	15.2626177246	0.726582656991
2008	2408	15	MLTM-R	2772.22651646	390.041676079	5.72697785625	20.4288274673	0.581328775984
2003	2810	0	MR-APA	130.9686795	0.981912277159
2003	2810	1	MR-APPA	156.398160337	0.974814203735
2003	2810	2	MR-APAPA	11.6280839243	0.98596077329
2003	2810	3	MR-APVPA	22.6968216755	0.767657660875
2003	2810	4	MR-project	16.6964016698	0.80617839906
2003	2810	5	R-Sub-APA	0.0898084537013	13.7055709647	15.4068161956	0.82553920277
2003	2810	6	R-Sub-APPA	63.2963928691	8.40781456628	23.3438103818	0.748511156117
2003	2810	7	R-Sub-APAPA	141.978207679	0.234209185584	10.5063766711	0.871380391306
2003	2810	8	R-Sub-APVPA	83.0680234626	0.00125486664898	5.23855698555	0.983145205643
2003	2810	9	MLTM-R-S-1-2	131.129084243	0.278356962996	0.982021516931
2003	2810	10	MLTM-R-S-1-3	83.0436548826	5.23847000894	0.982971337051
2003	2810	11	MLTM-R-S-1-4	141.840699782	10.461140794	0.871737846993
2003	2810	12	MLTM-R-S-2-3	0.30129156087	11.7466059158	0.985941638736
2003	2810	13	MLTM-R-S-2-4	9.78980853981	22.5539401075	0.767801501254
2003	2810	14	MLTM-R-S-3-4	13.6935925754	15.2889427186	0.826555955136
2003	2810	15	MLTM-R	63.3237759631	0.00692065608954	8.40802800902	23.3540016414	0.748582273621
2004	2810	0	MR-APA	773.320201397	0.907567622782
2004	2810	1	MR-APPA	860.445433032	0.901756507911
2004	2810	2	MR-APAPA	89.5912167709	0.908414201675
2004	2810	3	MR-APVPA	41.3316998209	0.621354858037
2004	2810	4	MR-project	36.8457611114	0.623203690398
2004	2810	5	R-Sub-APA	580.459053539	96.5831863478	23.6209334246	0.643772201834
2004	2810	6	R-Sub-APPA	1010.5563051	8.07546711479	25.5756596493	0.648826509201
2004	2810	7	R-Sub-APAPA	1010.49528481	407.05436694	20.0531853275	0.661048150449
2004	2810	8	R-Sub-APVPA	634.036581101	402.417833337	40.2067412416	0.842384732528
2004	2810	9	MLTM-R-S-1-2	799.918596742	334.281652304	0.866025561754
2004	2810	10	MLTM-R-S-1-3	637.264333597	35.2972947479	0.889100484925
2004	2810	11	MLTM-R-S-1-4	1024.754225	21.8239179797	0.683359813037
2004	2810	12	MLTM-R-S-2-3	534.71229365	102.054827085	0.844865817063
2004	2810	13	MLTM-R-S-2-4	1300.38838755	29.6249331895	0.606347647618
2004	2810	14	MLTM-R-S-3-4	94.6006313292	23.1061693021	0.699537180438
2004	2810	15	MLTM-R	967.343954826	460.955607795	7.10734358333	21.9547470025	0.64086930959
2005	2810	0	MR-APA	1438.99718274	0.855945810764
2005	2810	1	MR-APPA	632.252619868	0.936999901536
2005	2810	2	MR-APAPA	142.049289262	0.86871428048
2005	2810	3	MR-APVPA	69.5493071235	0.441345964442
2005	2810	4	MR-project	58.0465284418	0.471148536908
2005	2810	5	R-Sub-APA	54.1228568528	156.402604849	33.7009835053	0.583373960116
2005	2810	6	R-Sub-APPA	1788.85129112	20.0098388053	44.4734612081	0.464933752401
2005	2810	7	R-Sub-APAPA	1846.10660718	72.6925025982	33.8179947847	0.539687050713
2005	2810	8	R-Sub-APVPA	1175.65520636	288.914804564	44.8172961195	0.818016777397
2005	2810	9	MLTM-R-S-1-2	1494.60285119	262.596405267	0.827795986902
2005	2810	10	MLTM-R-S-1-3	1098.46546012	49.790800492	0.844651826864
2005	2810	11	MLTM-R-S-1-4	1850.20144625	34.9802885502	0.536242799546
2005	2810	12	MLTM-R-S-2-3	273.041113481	149.930824013	0.841236616255
2005	2810	13	MLTM-R-S-2-4	417.31452371	50.3281313046	0.535031304226
2005	2810	14	MLTM-R-S-3-4	156.031678803	34.1457382503	0.584097140293
2005	2810	15	MLTM-R	1788.11928945	55.7483513946	19.9791208829	43.5631589729	0.467309974435
2006	2810	0	MR-APA	2123.02809071	0.815947250403
2006	2810	1	MR-APPA	1752.05767059	0.875431412348
2006	2810	2	MR-APAPA	252.103757789	0.795353250616
2006	2810	3	MR-APVPA	71.9121838439	0.4242321303
2006	2810	4	MR-project	61.1718326183	0.446841592025
2006	2810	5	R-Sub-APA	66.0812733073	250.598786262	24.6459387369	0.59324073028
2006	2810	6	R-Sub-APPA	2651.7153365	32.6864574714	34.5374926023	0.481385185176
2006	2810	7	R-Sub-APAPA	2710.80806016	117.644439744	28.9546242815	0.527777696402
2006	2810	8	R-Sub-APVPA	1710.74428293	465.003013043	102.551517104	0.741518892272
2006	2810	9	MLTM-R-S-1-2	2181.47665158	486.70836048	0.777661783308
2006	2810	10	MLTM-R-S-1-3	1581.20365407	118.162315881	0.769103552221
2006	2810	11	MLTM-R-S-1-4	2734.82440922	30.1649026158	0.524576787952
2006	2810	12	MLTM-R-S-2-3	464.052092055	256.698879483	0.765098329344
2006	2810	13	MLTM-R-S-2-4	1977.0202888	54.8288645512	0.434161156614
2006	2810	14	MLTM-R-S-3-4	249.417692841	23.8379766066	0.603566541404
2006	2810	15	MLTM-R	2641.3586807	63.3509057552	32.3871639778	33.8646064252	0.483190657619
2007	2810	0	MR-APA	1909.51745758	0.846343876919
2007	2810	1	MR-APPA	2905.49802404	0.832699991739
2007	2810	2	MR-APAPA	145.677638371	0.867595525402
2007	2810	3	MR-APVPA	45.6954734302	0.560687279032
2007	2810	4	MR-project	36.9540501722	0.599223749878
2007	2810	5	R-Sub-APA	1027.96555172	124.334175401	13.5364529151	0.69312859376
2007	2810	6	R-Sub-APPA	2151.4991671	12.3864864607	14.7128560185	0.677488241327
2007	2810	7	R-Sub-APAPA	2246.36492706	583.698336597	13.1033744047	0.659867879661
2007	2810	8	R-Sub-APVPA	1791.72546968	843.844767877	31.5961749181	0.778573615077
2007	2810	9	MLTM-R-S-1-2	1983.40035041	800.602437445	0.790548248177
2007	2810	10	MLTM-R-S-1-3	1667.80979684	44.6414985529	0.827741342753
2007	2810	11	MLTM-R-S-1-4	2194.24332106	12.9305543896	0.699427705369
2007	2810	12	MLTM-R-S-2-3	1026.7467566	136.023261586	0.815046763706
2007	2810	13	MLTM-R-S-2-4	3438.21869602	29.1503844732	0.538947880783
2007	2810	14	MLTM-R-S-3-4	137.535804512	8.01585950956	0.796776183849
2007	2810	15	MLTM-R	2157.48942062	666.783377322	10.5629492898	12.823911126	0.657771131685
2008	2810	0	MR-APA	1800.58403366	0.863591037098
2008	2810	1	MR-APPA	2069.94703481	0.842804264542
2008	2810	2	MR-APAPA	123.485904817	0.885284583962
2008	2810	3	MR-APVPA	38.5844793426	0.621311834521
2008	2810	4	MR-project	29.4609064341	0.670455431875
2008	2810	5	R-Sub-APA	963.438168804	77.5414596974	4.8818804427	0.805233780465
2008	2810	6	R-Sub-APPA	1889.58166026	2.57659217525	9.20669131996	0.765512672563
2008	2810	7	R-Sub-APAPA	1766.77068077	594.865449105	4.73038884612	0.777118098583
2008	2810	8	R-Sub-APVPA	1627.70235486	729.622714824	4.4582438733	0.815738101697
2008	2810	9	MLTM-R-S-1-2	1675.21676031	689.579587922	0.817758258848
2008	2810	10	MLTM-R-S-1-3	1643.95921944	23.2983647649	0.855233437255
2008	2810	11	MLTM-R-S-1-4	1888.19721637	7.59147032087	0.783449875733
2008	2810	12	MLTM-R-S-2-3	976.009691758	83.4086181056	0.843845122387
2008	2810	13	MLTM-R-S-2-4	1970.95122736	12.0198870921	0.724138322035
2008	2810	14	MLTM-R-S-3-4	114.007120594	4.13695852902	0.85719371968
2008	2810	15	MLTM-R	1736.69360637	638.772916751	1.40752043948	4.80753469723	0.775225724178
1996	312	0	MR-APA	1184.40124609	0.769743290337
1996	312	1	MR-APPA	917.891987209	0.888201591139
1996	312	2	MR-APAPA	175.658695721	0.844062056547
1996	312	3	MR-APVPA	73.9858879029	0.408267360675
1996	312	4	MR-project	65.5277086667	0.405913439941
1996	312	5	R-Sub-APA	50.3021433679	239.843714516	44.150670724	0.459702132544
1996	312	6	R-Sub-APPA	1967.37938695	0.572418623721	36.6656306988	0.358348525151
1996	312	7	R-Sub-APAPA	1958.0347019	7.71696344074	36.0076918972	0.362575837286
1996	312	8	R-Sub-APVPA	1219.73638785	264.453827185	6.82292175178	0.728548613766
1996	312	9	MLTM-R-S-1-2	1220.57029563	253.914408672	0.733402474655
1996	312	10	MLTM-R-S-1-3	1173.76916639	14.8369702714	0.760871950377
1996	312	11	MLTM-R-S-1-4	1949.93444596	35.8254855072	0.365377946424
1996	312	12	MLTM-R-S-2-3	374.480784223	174.902898721	0.804598622789
1996	312	13	MLTM-R-S-2-4	2116.56537848	62.2380542533	0.358311875172
1996	312	14	MLTM-R-S-3-4	240.047480645	43.8174304666	0.465692204813
1996	312	15	MLTM-R	1970.88973428	4.39696023621	0.514707358358	36.7063243776	0.357417926293
1997	312	0	MR-APA	876.477558137	0.83058490421
1997	312	1	MR-APPA	768.055853166	0.901006535432
1997	312	2	MR-APAPA	135.842876366	0.873372876947
1997	312	3	MR-APVPA	34.8087882984	0.661246925788
1997	312	4	MR-project	31.1127449581	0.661859378708
1997	312	5	R-Sub-APA	86.4433755137	119.772318344	16.2723527114	0.72763886572
1997	312	6	R-Sub-APPA	1014.97581038	17.3580685484	20.0518997476	0.615684321004
1997	312	7	R-Sub-APAPA	1107.1032066	137.245907119	17.6881892112	0.617499782362
1997	312	8	R-Sub-APVPA	619.385588365	224.153576958	51.3951745422	0.805127575107
1997	312	9	MLTM-R-S-1-2	897.112839358	254.705403232	0.794447375519
1997	312	10	MLTM-R-S-1-3	475.767314301	76.7739679615	0.837190922363
1997	312	11	MLTM-R-S-1-4	1118.52224533	19.842243209	0.612283215628
1997	312	12	MLTM-R-S-2-3	212.415471892	130.516666316	0.851630055141
1997	312	13	MLTM-R-S-2-4	718.131177346	24.6042541546	0.676141062125
1997	312	14	MLTM-R-S-3-4	122.148952488	17.3286920177	0.726387934105
1997	312	15	MLTM-R	1055.91652511	110.999224905	9.86253381951	18.5311041689	0.615369796999
1998	312	0	MR-APA	534.253195031	0.893590781002
1998	312	1	MR-APPA	570.96757845	0.920342914989
1998	312	2	MR-APAPA	54.7669012314	0.938415405892
1998	312	3	MR-APVPA	22.8304216719	0.737340722509
1998	312	4	MR-project	19.573263061	0.75016874124
1998	312	5	R-Sub-APA	346.668470612	31.1222314787	9.50308489237	0.814043191971
1998	312	6	R-Sub-APPA	577.002258659	0.924685515943	13.3957830908	0.742004444605
1998	312	7	R-Sub-APAPA	467.643508677	266.936429393	9.54196189201	0.769141478865
1998	312	8	R-Sub-APVPA	414.466334428	380.291640759	1.36913187217	0.864875687328
1998	312	9	MLTM-R-S-1-2	417.286806295	377.05010676	0.864692082198
1998	312	10	MLTM-R-S-1-3	480.600770356	8.05700757773	0.896415065351
1998	312	11	MLTM-R-S-1-4	578.559851239	12.4667966247	0.751416935606
1998	312	12	MLTM-R-S-2-3	432.2786449	38.2375233327	0.898440396437
1998	312	13	MLTM-R-S-2-4	493.031964453	10.6162802588	0.811932834454
1998	312	14	MLTM-R-S-3-4	46.5075427746	13.4524494512	0.799167448016
1998	312	15	MLTM-R	466.375076818	261.463200512	0.354842511481	10.0362319752	0.765461212592
1999	312	0	MR-APA	761.816184811	0.871792652809
1999	312	1	MR-APPA	637.82722034	0.917339076142
1999	312	2	MR-APAPA	83.3331818901	0.918106548106
1999	312	3	MR-APVPA	29.9021672879	0.690565624808
1999	312	4	MR-project	24.62885067	0.715311431171
1999	312	5	R-Sub-APA	206.792069396	49.116911706	16.0830276943	0.761055587429
1999	312	6	R-Sub-APPA	795.671500604	1.00537024249	16.4543527825	0.705700393116
1999	312	7	R-Sub-APAPA	736.196657714	164.783112521	13.1039367648	0.727071298359
1999	312	8	R-Sub-APVPA	658.000113019	339.106402443	0.894776579185	0.8461863752
1999	312	9	MLTM-R-S-1-2	659.568201514	339.800570273	0.845392792863
1999	312	10	MLTM-R-S-1-3	703.866982079	8.80693860205	0.873824850713
1999	312	11	MLTM-R-S-1-4	798.023592304	15.5189173958	0.714060294832
1999	312	12	MLTM-R-S-2-3	382.096834236	60.8422097173	0.89096046589
1999	312	13	MLTM-R-S-2-4	446.412261761	14.3696893788	0.789814024556
1999	312	14	MLTM-R-S-3-4	62.9544317934	18.5401495774	0.751067224741
1999	312	15	MLTM-R	735.139602392	157.234450704	0.329194128475	13.4977824854	0.725116784298
2000	312	0	MR-APA	917.96833402	0.856800214556
2000	312	1	MR-APPA	680.046721784	0.905795646269
2000	312	2	MR-APAPA	94.3514674377	0.907688064112
2000	312	3	MR-APVPA	29.455729207	0.684676572263
2000	312	4	MR-project	24.695280088	0.705718086135
2000	312	5	R-Sub-APA	459.128793298	45.3249864516	3.66424072485	0.860206382027
2000	312	6	R-Sub-APPA	1007.21854592	0.395882811935	13.0413519809	0.714902145885
2000	312	7	R-Sub-APAPA	814.806871479	342.614961317	4.41354426138	0.78903567194
2000	312	8	R-Sub-APVPA	767.381585358	372.685443026	0.378073712687	0.83043181484
2000	312	9	MLTM-R-S-1-2	767.8465341	372.201340093	0.829443349578
2000	312	10	MLTM-R-S-1-3	905.899027248	2.37287464367	0.857572000407
2000	312	11	MLTM-R-S-1-4	1001.95232181	12.2002621711	0.723324890586
2000	312	12	MLTM-R-S-2-3	476.688090567	48.6209856474	0.885603606732
2000	312	13	MLTM-R-S-2-4	631.243977854	5.5948275516	0.856224838213
2000	312	14	MLTM-R-S-3-4	77.2031075573	14.5669566337	0.773391688447
2000	312	15	MLTM-R	817.414314084	340.711030603	0.137660153286	4.73859573523	0.786415887721
2001	312	0	MR-APA	1132.43064779	0.839825026821
2001	312	1	MR-APPA	595.804964198	0.910240961092
2001	312	2	MR-APAPA	113.828877352	0.893163000818
2001	312	3	MR-APVPA	25.399790923	0.722292775222
2001	312	4	MR-project	21.9059673024	0.734283577283
2001	312	5	R-Sub-APA	282.116468752	73.5532974724	3.11781379263	0.862238306139
2001	312	6	R-Sub-APPA	1174.38379164	0.97261028065	8.38411736188	0.75214037265
2001	312	7	R-Sub-APAPA	1026.84343991	181.094059094	4.14036227872	0.792157929463
2001	312	8	R-Sub-APVPA	946.417977174	235.726488348	1.03048679631	0.830811959399
2001	312	9	MLTM-R-S-1-2	951.33875872	236.248660949	0.829741868001
2001	312	10	MLTM-R-S-1-3	1113.87146742	2.96432026794	0.84077985009
2001	312	11	MLTM-R-S-1-4	1173.93943625	7.58917893556	0.760430769698
2001	312	12	MLTM-R-S-2-3	319.233009531	73.4790754629	0.881697871407
2001	312	13	MLTM-R-S-2-4	540.100525253	4.4713713992	0.873283500871
2001	312	14	MLTM-R-S-3-4	103.226267808	8.55839809154	0.816165281793
2001	312	15	MLTM-R	1029.41408996	176.319574765	0.429505060214	4.47546960081	0.789468265472
2002	312	0	MR-APA	1353.8242108	0.82305515634
2002	312	1	MR-APPA	796.018092828	0.89185130205
2002	312	2	MR-APAPA	149.328735607	0.865727438625
2002	312	3	MR-APVPA	29.6600431536	0.691792883705
2002	312	4	MR-project	25.5604732325	0.704471180868
2002	312	5	R-Sub-APA	417.457021865	92.1281091475	2.91473498967	0.837705555073
2002	312	6	R-Sub-APPA	1381.39423029	5.20522337277	8.85246214173	0.734066223248
2002	312	7	R-Sub-APAPA	1159.44805336	311.950268914	3.22556260583	0.782962080063
2002	312	8	R-Sub-APVPA	1076.90711839	349.505049986	4.07974916488	0.808996498239
2002	312	9	MLTM-R-S-1-2	1097.07455574	353.499207202	0.808314837432
2002	312	10	MLTM-R-S-1-3	1208.30535146	22.6216730538	0.822299810282
2002	312	11	MLTM-R-S-1-4	1407.36517741	8.08416306282	0.741914890236
2002	312	12	MLTM-R-S-2-3	444.443438614	92.4066022094	0.854438763444
2002	312	13	MLTM-R-S-2-4	716.415459897	6.09914093555	0.840175070884
2002	312	14	MLTM-R-S-3-4	137.245269672	7.0466289252	0.81065627684
2002	312	15	MLTM-R	1149.17581356	304.743665288	2.66501787555	3.52568494821	0.780729184176
2003	312	0	MR-APA	1353.67716511	0.831668257569
2003	312	1	MR-APPA	907.8199074	0.886344161923
2003	312	2	MR-APAPA	130.477722846	0.875349640494
2003	312	3	MR-APVPA	24.7292457287	0.748916757263
2003	312	4	MR-project	21.7857840661	0.752747304759
2003	312	5	R-Sub-APA	422.607301855	87.3941818321	2.6372733757	0.844483617341
2003	312	6	R-Sub-APPA	1404.99441759	2.0137980338	6.74516072622	0.767276673529
2003	312	7	R-Sub-APAPA	1226.08386311	298.264343459	2.89268925007	0.791533904777
2003	312	8	R-Sub-APVPA	1150.07573014	342.4404221	1.80386475084	0.812880499848
2003	312	9	MLTM-R-S-1-2	1161.43804886	344.398641133	0.811695852002
2003	312	10	MLTM-R-S-1-3	1300.15566103	7.21370329505	0.832321252046
2003	312	11	MLTM-R-S-1-4	1414.39518797	6.30500636956	0.771181311214
2003	312	12	MLTM-R-S-2-3	450.429563593	87.7018860833	0.857250332745
2003	312	13	MLTM-R-S-2-4	798.145273232	6.99705802652	0.8310078382
2003	312	14	MLTM-R-S-3-4	121.582391191	5.36534101141	0.83790159894
2003	312	15	MLTM-R	1220.08828558	294.949035175	1.15257464509	2.99672551069	0.791727474127
2004	312	0	MR-APA	1345.69137998	0.84561588643
2004	312	1	MR-APPA	925.794563816	0.895635516627
2004	312	2	MR-APAPA	105.876037104	0.894438264867
2004	312	3	MR-APVPA	20.7216923214	0.792772587822
2004	312	4	MR-project	18.1983877485	0.796989782642
2004	312	5	R-Sub-APA	350.082874241	78.3467879218	1.63745585345	0.874978720477
2004	312	6	R-Sub-APPA	1369.58501209	2.01296760724	4.55138132231	0.807802626393
2004	312	7	R-Sub-APAPA	1271.17187647	211.483817595	1.95029292467	0.821717597334
2004	312	8	R-Sub-APVPA	1204.10822042	249.068831582	2.14170127072	0.831999585211
2004	312	9	MLTM-R-S-1-2	1223.74598318	251.941064648	0.830334232942
2004	312	10	MLTM-R-S-1-3	1290.95623252	5.68483523559	0.847256174774
2004	312	11	MLTM-R-S-1-4	1385.89439929	4.27980983541	0.809457244574
2004	312	12	MLTM-R-S-2-3	375.606581701	78.0599354167	0.877803692757
2004	312	13	MLTM-R-S-2-4	828.11568521	5.2349838745	0.859165046681
2004	312	14	MLTM-R-S-3-4	100.357863234	3.80344615438	0.871420867208
2004	312	15	MLTM-R	1253.66494167	212.641856639	1.61184682964	1.78366422989	0.824894309506
2005	312	0	MR-APA	1439.66888814	0.855720747869
2005	312	1	MR-APPA	908.293416214	0.915272779719
2005	312	2	MR-APAPA	98.9735592177	0.901844438523
2005	312	3	MR-APVPA	18.907978291	0.813587954074
2005	312	4	MR-project	16.4630020125	0.819388077073
2005	312	5	R-Sub-APA	216.342527085	80.963267367	2.24168544537	0.886212357753
2005	312	6	R-Sub-APPA	1436.05051062	1.95217937066	3.76837553822	0.828868960542
2005	312	7	R-Sub-APAPA	1380.14536455	150.630926655	2.50851996112	0.833545098849
2005	312	8	R-Sub-APVPA	1301.96947815	199.848026041	2.56298724212	0.848914440532
2005	312	9	MLTM-R-S-1-2	1327.83478128	206.538686682	0.847076036052
2005	312	10	MLTM-R-S-1-3	1345.85223426	8.06059007939	0.85804078084
2005	312	11	MLTM-R-S-1-4	1457.19022897	3.74169113697	0.827807386246
2005	312	12	MLTM-R-S-2-3	253.021452226	82.444075454	0.893221101139
2005	312	13	MLTM-R-S-2-4	710.058184697	7.37378224489	0.863233932798
2005	312	14	MLTM-R-S-3-4	92.7050828714	3.0954414611	0.88693481513
2005	312	15	MLTM-R	1363.18577149	147.101795602	1.51643094018	2.45241421462	0.835787546758
2006	312	0	MR-APA	1514.80308151	0.864038514632
2006	312	1	MR-APPA	1129.60937023	0.910352802309
2006	312	2	MR-APAPA	84.0302543152	0.914116185033
2006	312	3	MR-APVPA	16.9659110826	0.825675705608
2006	312	4	MR-project	14.6467864469	0.833221196122
2006	312	5	R-Sub-APA	369.66590184	64.771646494	1.15596445226	0.90201625438
2006	312	6	R-Sub-APPA	1496.41747402	2.51067999622	2.91581222213	0.845182699086
2006	312	7	R-Sub-APAPA	1422.85585463	219.148438465	1.73615852805	0.847739381273
2006	312	8	R-Sub-APVPA	1349.30016573	262.365228294	2.6986943049	0.855536512671
2006	312	9	MLTM-R-S-1-2	1381.25661484	271.959865012	0.853440835595
2006	312	10	MLTM-R-S-1-3	1415.4507348	7.27880319013	0.866559367828
2006	312	11	MLTM-R-S-1-4	1529.89355678	3.06631286385	0.841966408992
2006	312	12	MLTM-R-S-2-3	389.588083212	65.3789232769	0.900301107215
2006	312	13	MLTM-R-S-2-4	927.023018673	6.13000248341	0.866248539633
2006	312	14	MLTM-R-S-3-4	79.0896860339	2.5433675338	0.90271641454
2006	312	15	MLTM-R	1394.00088093	227.140685482	1.95677626416	1.28859391249	0.853814466207
2007	312	0	MR-APA	1841.76976078	0.851083954376
2007	312	1	MR-APPA	1426.90439885	0.899792691709
2007	312	2	MR-APAPA	93.83102196	0.907230782224
2007	312	3	MR-APVPA	16.9496579045	0.80899480814
2007	312	4	MR-project	14.8681050106	0.816358993834
2007	312	5	R-Sub-APA	425.110284133	73.5766631083	1.15270325405	0.894309355626
2007	312	6	R-Sub-APPA	1847.24445756	1.28552090965	2.70363462173	0.832161906979
2007	312	7	R-Sub-APAPA	1780.675491	184.103279284	2.01726220723	0.831964264791
2007	312	8	R-Sub-APVPA	1698.74214455	265.102628623	1.78906300726	0.842224783743
2007	312	9	MLTM-R-S-1-2	1720.58407296	268.761792243	0.840743570619
2007	312	10	MLTM-R-S-1-3	1791.62142561	3.53819526807	0.852762303115
2007	312	11	MLTM-R-S-1-4	1863.74361445	2.82302261529	0.829511524887
2007	312	12	MLTM-R-S-2-3	453.568791236	73.9241749177	0.892320873463
2007	312	13	MLTM-R-S-2-4	1076.33739438	7.22195373607	0.842916643253
2007	312	14	MLTM-R-S-3-4	89.3113773812	2.26466608126	0.897109874715
2007	312	15	MLTM-R	1758.15665519	200.346191833	1.18650374715	1.63011918598	0.837293457823
2008	312	0	MR-APA	1763.58510175	0.865977091156
2008	312	1	MR-APPA	1261.91025914	0.892288263646
2008	312	2	MR-APAPA	77.2348850466	0.922140780426
2008	312	3	MR-APVPA	14.3075903839	0.836768900717
2008	312	4	MR-project	12.4323024202	0.844776942181
2008	312	5	R-Sub-APA	491.560986912	53.5211191919	0.10550954719	0.914984086817
2008	312	6	R-Sub-APPA	1768.63389471	1.07042369637	0.818243918314	0.870396107148
2008	312	7	R-Sub-APAPA	1641.0246021	198.771603671	0.686425939395	0.863472718582
2008	312	8	R-Sub-APVPA	1580.04945059	236.309038727	0.765928650687	0.858795325276
2008	312	9	MLTM-R-S-1-2	1589.57967758	239.929142463	0.857298315113
2008	312	10	MLTM-R-S-1-3	1740.50356809	1.51904237433	0.867386234308
2008	312	11	MLTM-R-S-1-4	1781.5307572	1.35458430408	0.86248368918
2008	312	12	MLTM-R-S-2-3	486.589740253	52.8582932881	0.902228992261
2008	312	13	MLTM-R-S-2-4	1144.66073396	2.54131180715	0.88084253677
2008	312	14	MLTM-R-S-3-4	75.7031029114	1.09378643242	0.924160552463
2008	312	15	MLTM-R	1611.78971466	229.15807983	0.727316777865	0.159687711762	0.870312902898
1994	763	0	MR-APA	178.002988253	0.953567057052
1994	763	1	MR-APPA	212.572505161	0.961028735579
1994	763	2	MR-APAPA	30.7576529335	0.964270731765
1994	763	3	MR-APVPA	19.864414572	0.757612605187
1994	763	4	MR-project	23.443930396	0.693801865508
1994	763	5	R-Sub-APA	244.783090561	64.6297616451	16.9893227012	0.705416505164
1994	763	6	R-Sub-APPA	300.804801348	0.973221450156	20.7246862249	0.684420833105
1994	763	7	R-Sub-APAPA	316.183460932	229.821554544	16.3706118678	0.695517105759
1994	763	8	R-Sub-APVPA	206.336379128	176.699242104	1.27583689791	0.915849147725
1994	763	9	MLTM-R-S-1-2	210.294170562	174.223220811	0.915248624895
1994	763	10	MLTM-R-S-1-3	176.850262885	0.855225324987	0.954232365522
1994	763	11	MLTM-R-S-1-4	299.809301242	20.158158637	0.689986445639
1994	763	12	MLTM-R-S-2-3	181.378415205	38.2498448031	0.926711123276
1994	763	13	MLTM-R-S-2-4	251.994071987	14.6390486425	0.779134950291
1994	763	14	MLTM-R-S-3-4	60.0564544447	20.9756540404	0.698941109244
1994	763	15	MLTM-R	314.141810254	233.659745793	1.1761263854	16.7241372465	0.692081245874
1995	763	0	MR-APA	267.622888878	0.941427738089
1995	763	1	MR-APPA	326.914425973	0.948894226412
1995	763	2	MR-APAPA	44.2059329197	0.953860892857
1995	763	3	MR-APVPA	19.7080945632	0.739980613605
1995	763	4	MR-project	20.285891579	0.711797597285
1995	763	5	R-Sub-APA	290.648915899	42.8760073191	18.2935594693	0.688870488995
1995	763	6	R-Sub-APPA	368.537024488	0.393098461704	13.864510284	0.742924993335
1995	763	7	R-Sub-APAPA	364.826331696	0.721727721629	13.1413079514	0.75178166171
1995	763	8	R-Sub-APVPA	265.919386719	0.685882863381	1.66541762959	0.941359677929
1995	763	9	MLTM-R-S-1-2	267.976054397	0.789505791812	0.941412979542
1995	763	10	MLTM-R-S-1-3	265.589199329	1.68319267906	0.941332694169
1995	763	11	MLTM-R-S-1-4	364.3065973	13.0804107844	0.752555284566
1995	763	12	MLTM-R-S-2-3	70.1274622441	40.9306232285	0.946007020065
1995	763	13	MLTM-R-S-2-4	562.775661848	17.7444391696	0.697141504003
1995	763	14	MLTM-R-S-3-4	55.5736079113	13.4107495171	0.772628164972
1995	763	15	MLTM-R	369.060047562	0.813765126441	0.392019479933	13.9290304958	0.7421030099
1996	763	0	MR-APA	373.899361406	0.921011003415
1996	763	1	MR-APPA	420.336798242	0.938631331856
1996	763	2	MR-APAPA	40.8063036827	0.954412250737
1996	763	3	MR-APVPA	10.4113490029	0.887245050299
1996	763	4	MR-project	10.0396181193	0.879174196814
1996	763	5	R-Sub-APA	236.895832365	43.0196518762	3.55719343588	0.890922590428
1996	763	6	R-Sub-APPA	461.589861347	1.57129862398	4.90745722033	0.858909197169
1996	763	7	R-Sub-APAPA	444.95569249	95.5720687886	4.12629312837	0.85748687068
1996	763	8	R-Sub-APVPA	321.249214744	167.040522096	6.64005717133	0.901240559233
1996	763	9	MLTM-R-S-1-2	364.197491234	138.770801209	0.902103676691
1996	763	10	MLTM-R-S-1-3	354.438416242	4.80822360396	0.921060973127
1996	763	11	MLTM-R-S-1-4	464.769446473	4.76488728189	0.860126699793
1996	763	12	MLTM-R-S-2-3	244.226409766	38.3578930087	0.922678191495
1996	763	13	MLTM-R-S-2-4	455.095724618	6.60957919078	0.870246100285
1996	763	14	MLTM-R-S-3-4	47.1484708067	4.24643879843	0.910829745485
1996	763	15	MLTM-R	431.187327944	119.877483506	1.90389559115	4.11520603457	0.856407898173
1997	763	0	MR-APA	582.501229012	0.88402605172
1997	763	1	MR-APPA	707.906880341	0.906958363598
1997	763	2	MR-APAPA	91.4313160059	0.908546983071
1997	763	3	MR-APVPA	25.2675138194	0.743086361954
1997	763	4	MR-project	22.8094183999	0.741569040901
1997	763	5	R-Sub-APA	295.737025784	91.2581849623	10.431779686	0.778272623625
1997	763	6	R-Sub-APPA	812.456055673	0.617900185284	11.7639133572	0.733818261994
1997	763	7	R-Sub-APAPA	778.078056926	188.441239914	9.08023680633	0.741846743888
1997	763	8	R-Sub-APVPA	601.634816274	333.155003846	1.27894319986	0.836938174707
1997	763	9	MLTM-R-S-1-2	607.504410791	326.317606598	0.836494628175
1997	763	10	MLTM-R-S-1-3	565.1882844	9.39934815907	0.879324357513
1997	763	11	MLTM-R-S-1-4	809.509464596	11.5767325066	0.735334342958
1997	763	12	MLTM-R-S-2-3	417.953504784	79.9043876208	0.867601225836
1997	763	13	MLTM-R-S-2-4	737.180051661	15.8699750697	0.751916121635
1997	763	14	MLTM-R-S-3-4	103.407226703	12.4825789222	0.783421140264
1997	763	15	MLTM-R	777.723423123	191.921913347	0.645128625599	9.20311376443	0.74106392189
1998	763	0	MR-APA	601.050770922	0.881170710125
1998	763	1	MR-APPA	585.897666685	0.918816874838
1998	763	2	MR-APAPA	106.545294929	0.891539748729
1998	763	3	MR-APVPA	26.1084144795	0.703389260683
1998	763	4	MR-project	23.3176837237	0.706969104935
1998	763	5	R-Sub-APA	8.60686251778	106.594554786	14.7465839203	0.737742675977
1998	763	6	R-Sub-APPA	860.760163268	5.35696652556	15.4403965621	0.670906642671
1998	763	7	R-Sub-APAPA	874.719167772	3.38065637714	14.9965633964	0.675970067581
1998	763	8	R-Sub-APVPA	490.126531267	266.511306163	37.5372874067	0.831845353194
1998	763	9	MLTM-R-S-1-2	636.622507726	243.30713458	0.841456848315
1998	763	10	MLTM-R-S-1-3	454.009404449	40.836678831	0.869258437768
1998	763	11	MLTM-R-S-1-4	873.070307689	15.0083195125	0.676361515411
1998	763	12	MLTM-R-S-2-3	289.736851996	109.132131502	0.854132877235
1998	763	13	MLTM-R-S-2-4	364.866145475	22.1859138654	0.700154919188
1998	763	14	MLTM-R-S-3-4	106.288314657	14.7001643551	0.739342046789
1998	763	15	MLTM-R	861.655844651	1.47989212677	5.29524442595	15.4289859012	0.670924249265
1999	763	0	MR-APA	869.110944725	0.855171142786
1999	763	1	MR-APPA	1116.25713246	0.874177185192
1999	763	2	MR-APAPA	104.749040547	0.900909151629
1999	763	3	MR-APVPA	22.1954716439	0.763834326084
1999	763	4	MR-project	21.3258322542	0.750302884333
1999	763	5	R-Sub-APA	398.3677537	107.364914418	9.87678384889	0.762921442888
1999	763	6	R-Sub-APPA	1118.63308556	5.65102621982	11.3682287068	0.707381764112
1999	763	7	R-Sub-APAPA	1124.96878025	195.635166986	10.0758641042	0.70020661584
1999	763	8	R-Sub-APVPA	774.103206413	338.477842271	11.8952854687	0.819839583193
1999	763	9	MLTM-R-S-1-2	862.439113821	299.384246022	0.819601380006
1999	763	10	MLTM-R-S-1-3	811.413822295	9.73432549065	0.856471814497
1999	763	11	MLTM-R-S-1-4	1148.01775026	11.0215826462	0.709786157592
1999	763	12	MLTM-R-S-2-3	450.549164306	94.8796935341	0.858003228786
1999	763	13	MLTM-R-S-2-4	1224.90274596	13.9760188372	0.727451974163
1999	763	14	MLTM-R-S-3-4	118.487858654	10.9599148845	0.786652751858
1999	763	15	MLTM-R	1068.75442746	232.762102039	6.28931878332	10.113834894	0.700231618505
2000	763	0	MR-APA	965.374581879	0.850049289776
2000	763	1	MR-APPA	1160.71092369	0.859533516763
2000	763	2	MR-APAPA	119.344847841	0.888054209235
2000	763	3	MR-APVPA	18.6411252636	0.792342928464
2000	763	4	MR-project	18.3504046305	0.775710116106
2000	763	5	R-Sub-APA	213.597035309	119.281254595	9.24107403048	0.772941424832
2000	763	6	R-Sub-APPA	1216.98393302	2.61911871869	9.34457983229	0.72428873299
2000	763	7	R-Sub-APAPA	1208.53808986	52.7464981929	8.79330722556	0.725188038423
2000	763	8	R-Sub-APVPA	891.112561748	335.371902254	7.95685700286	0.811575110569
2000	763	9	MLTM-R-S-1-2	938.092838515	315.939099811	0.812709340241
2000	763	10	MLTM-R-S-1-3	884.498538963	17.0456249781	0.847591441613
2000	763	11	MLTM-R-S-1-4	1221.9180169	9.15421042884	0.726436627377
2000	763	12	MLTM-R-S-2-3	493.653379694	104.987873214	0.840839713429
2000	763	13	MLTM-R-S-2-4	1010.53646192	10.7095771835	0.762638074854
2000	763	14	MLTM-R-S-3-4	125.956970308	10.1260291587	0.784845924436
2000	763	15	MLTM-R	1203.28598745	53.7833683282	2.52099694534	8.97374283748	0.723139985241
2001	763	0	MR-APA	1017.47585391	0.854825590147
2001	763	1	MR-APPA	871.928487492	0.879201828444
2001	763	2	MR-APAPA	101.199496968	0.90316872077
2001	763	3	MR-APVPA	9.07244918465	0.895461241206
2001	763	4	MR-project	8.67989997774	0.890351213547
2001	763	5	R-Sub-APA	146.906352794	93.2241022691	1.99897554715	0.878365805488
2001	763	6	R-Sub-APPA	1110.55107217	0.660067282146	1.95002552285	0.833648165009
2001	763	7	R-Sub-APAPA	1112.03367066	23.1692300844	1.87900361139	0.830385912813
2001	763	8	R-Sub-APVPA	1016.60782141	111.091432874	0.756323519378	0.839207084674
2001	763	9	MLTM-R-S-1-2	1022.11569926	99.1981263219	0.83959568823
2001	763	10	MLTM-R-S-1-3	1013.50852295	1.56441363171	0.855184843958
2001	763	11	MLTM-R-S-1-4	1110.78051262	1.93857596951	0.833116156279
2001	763	12	MLTM-R-S-2-3	199.976683824	93.9952535277	0.881106942377
2001	763	13	MLTM-R-S-2-4	667.141420972	5.35202922461	0.847873529468
2001	763	14	MLTM-R-S-3-4	98.5469315918	2.26295058861	0.891624409377
2001	763	15	MLTM-R	1111.61918786	28.6076777248	0.459521441722	1.87457131198	0.830500992891
2002	763	0	MR-APA	953.724817675	0.871634735546
2002	763	1	MR-APPA	1245.82913975	0.849160032666
2002	763	2	MR-APAPA	78.235849132	0.921315958139
2002	763	3	MR-APVPA	10.2715798302	0.885374965947
2002	763	4	MR-project	9.76536445383	0.880220895115
2002	763	5	R-Sub-APA	301.84887424	63.551508245	3.83107653618	0.862099099564
2002	763	6	R-Sub-APPA	1109.22198986	0.0613460585538	3.69680570358	0.82436976516
2002	763	7	R-Sub-APAPA	1108.36254422	71.9913931155	3.48534875043	0.815858052452
2002	763	8	R-Sub-APVPA	944.124514935	206.080660518	0.0130203893457	0.84565759449
2002	763	9	MLTM-R-S-1-2	946.870465877	197.926428924	0.845104862733
2002	763	10	MLTM-R-S-1-3	954.951447678	0.122525357683	0.872654735043
2002	763	11	MLTM-R-S-1-4	1107.1842389	3.6745987041	0.823684869599
2002	763	12	MLTM-R-S-2-3	420.966158744	64.4475411673	0.878707573673
2002	763	13	MLTM-R-S-2-4	940.296179951	6.07451958386	0.818348802599
2002	763	14	MLTM-R-S-3-4	72.7127785124	4.37992843856	0.887903212347
2002	763	15	MLTM-R	1106.66059125	81.8256029563	0.0116132234293	3.46665153686	0.816159413417
2003	763	0	MR-APA	1351.86452976	0.831960854106
2003	763	1	MR-APPA	1402.63259328	0.843260083022
2003	763	2	MR-APAPA	109.651738627	0.891828123931
2003	763	3	MR-APVPA	14.7607238003	0.844015857696
2003	763	4	MR-project	14.0700455114	0.834926302518
2003	763	5	R-Sub-APA	271.996147486	101.752506063	3.05769840499	0.845466604461
2003	763	6	R-Sub-APPA	1552.3615095	0.707921485284	3.66209861149	0.784304890161
2003	763	7	R-Sub-APAPA	1550.51676989	41.7212833681	3.4896614472	0.78057510735
2003	763	8	R-Sub-APVPA	1338.79731572	217.182973615	1.19248320576	0.807098508653
2003	763	9	MLTM-R-S-1-2	1352.76646712	193.426246048	0.808016227314
2003	763	10	MLTM-R-S-1-3	1338.49217122	2.40879228726	0.832594937343
2003	763	11	MLTM-R-S-1-4	1552.46917445	3.6166722996	0.784065711214
2003	763	12	MLTM-R-S-2-3	349.592213323	101.590748874	0.857440120159
2003	763	13	MLTM-R-S-2-4	1282.23570534	8.00444667539	0.778527236503
2003	763	14	MLTM-R-S-3-4	109.041599828	3.52899054625	0.866687253587
2003	763	15	MLTM-R	1548.23849521	56.5863806267	0.438026279391	3.47312867951	0.780105398729
2004	763	0	MR-APA	1391.21080252	0.840967983314
2004	763	1	MR-APPA	1503.88183851	0.850104082886
2004	763	2	MR-APAPA	111.713690132	0.889881518853
2004	763	3	MR-APVPA	20.1531116681	0.798096038925
2004	763	4	MR-project	18.3097497786	0.795941124405
2004	763	5	R-Sub-APA	477.958236133	87.1609849104	5.75864298772	0.814912383001
2004	763	6	R-Sub-APPA	1591.5132014	0.57677221716	6.1433398505	0.77172231322
2004	763	7	R-Sub-APAPA	1588.74492827	90.3899284457	5.63463362239	0.76655722481
2004	763	8	R-Sub-APVPA	1391.58016146	280.96306072	0.954121477814	0.811127152396
2004	763	9	MLTM-R-S-1-2	1402.10757865	262.501054103	0.811422897178
2004	763	10	MLTM-R-S-1-3	1375.23299909	3.418128981	0.840799042806
2004	763	11	MLTM-R-S-1-4	1587.89319339	5.99841941092	0.772680060399
2004	763	12	MLTM-R-S-2-3	574.095357362	91.850265803	0.848938972995
2004	763	13	MLTM-R-S-2-4	1347.63516982	11.3980587201	0.757606063909
2004	763	14	MLTM-R-S-3-4	102.431458884	6.256040071	0.845370593025
2004	763	15	MLTM-R	1586.06552639	106.89710261	0.332265008524	5.62608224569	0.766179614544
2005	763	0	MR-APA	1575.77748825	0.843498761881
2005	763	1	MR-APPA	1451.02128088	0.879069912667
2005	763	2	MR-APAPA	88.7233032106	0.910573336908
2005	763	3	MR-APVPA	11.9223207266	0.880477542508
2005	763	4	MR-project	10.9883633511	0.878020429319
2005	763	5	R-Sub-APA	378.770442645	76.3008600052	1.83247622239	0.881161373991
2005	763	6	R-Sub-APPA	1682.22265872	0.38181648764	2.11754581189	0.825400656968
2005	763	7	R-Sub-APAPA	1686.1508639	39.5570347851	2.01970411555	0.821637531615
2005	763	8	R-Sub-APVPA	1583.52367454	193.302481956	0.228456875907	0.82679745984
2005	763	9	MLTM-R-S-1-2	1586.87884857	180.966208523	0.826435317012
2005	763	10	MLTM-R-S-1-3	1571.09275044	0.917096914187	0.844402237251
2005	763	11	MLTM-R-S-1-4	1682.71977893	2.11142026357	0.824486726431
2005	763	12	MLTM-R-S-2-3	438.810739246	78.5115391871	0.881748216089
2005	763	13	MLTM-R-S-2-4	1256.38936431	6.74449398154	0.832318964507
2005	763	14	MLTM-R-S-3-4	83.8570661146	2.41356921873	0.901375115216
2005	763	15	MLTM-R	1685.97044066	52.1625984481	0.19856609128	1.99387547915	0.821876759148
2006	763	0	MR-APA	1424.45467368	0.871554769859
2006	763	1	MR-APPA	1583.19484811	0.884303477449
2006	763	2	MR-APAPA	69.8437076219	0.926784370684
2006	763	3	MR-APVPA	10.6360060466	0.888946402093
2006	763	4	MR-project	9.71386494624	0.888372094308
2006	763	5	R-Sub-APA	542.088112442	55.9371282067	1.17653644912	0.897483198231
2006	763	6	R-Sub-APPA	1491.49582486	0.139715128783	1.86632931294	0.859314270768
2006	763	7	R-Sub-APAPA	1488.80875627	124.52261891	1.57342179008	0.851652431959
2006	763	8	R-Sub-APVPA	1419.30550224	244.247850022	0.0532533445452	0.853910261335
2006	763	9	MLTM-R-S-1-2	1419.79396626	238.081185501	0.853040133818
2006	763	10	MLTM-R-S-1-3	1424.5995039	0.448962470108	0.872455708242
2006	763	11	MLTM-R-S-1-4	1490.78853935	1.88613135463	0.857993692612
2006	763	12	MLTM-R-S-2-3	575.328189682	57.6745240022	0.894286100475
2006	763	13	MLTM-R-S-2-4	1413.87851158	4.8289900594	0.851624261636
2006	763	14	MLTM-R-S-3-4	65.5283009124	1.97574551755	0.920965446765
2006	763	15	MLTM-R	1487.18823916	136.171742017	0.015243662943	1.53097319009	0.852614325998
2007	763	0	MR-APA	1476.58779328	0.878321821774
2007	763	1	MR-APPA	1481.47002637	0.897125162857
2007	763	2	MR-APAPA	66.7413195931	0.930731689502
2007	763	3	MR-APVPA	10.3391501432	0.880787342544
2007	763	4	MR-project	9.4771189716	0.881157950135
2007	763	5	R-Sub-APA	569.822056218	54.7908543715	1.59391298304	0.895248003928
2007	763	6	R-Sub-APPA	1557.73251635	0.489370023968	2.46473955223	0.856790263034
2007	763	7	R-Sub-APAPA	1555.29176091	233.066696824	1.97468928428	0.84531000875
2007	763	8	R-Sub-APVPA	1455.18173775	378.622822743	0.779165144878	0.853410486507
2007	763	9	MLTM-R-S-1-2	1467.49521398	367.516941642	0.8526232616
2007	763	10	MLTM-R-S-1-3	1453.00553718	2.25731897665	0.879281592223
2007	763	11	MLTM-R-S-1-4	1561.75330961	2.47233965027	0.855585101391
2007	763	12	MLTM-R-S-2-3	638.620804726	56.7815411969	0.895229790507
2007	763	13	MLTM-R-S-2-4	1212.56399074	5.72002823386	0.853117514201
2007	763	14	MLTM-R-S-3-4	61.6446444616	2.35428395028	0.919556765051
2007	763	15	MLTM-R	1548.42060499	247.903578804	0.173375352432	1.91997389931	0.846558568062
2008	763	0	MR-APA	1646.2301684	0.874231928375
2008	763	1	MR-APPA	1560.86325486	0.872979549468
2008	763	2	MR-APAPA	66.5989081355	0.931612855606
2008	763	3	MR-APVPA	10.6243639114	0.877003726915
2008	763	4	MR-project	9.59871184255	0.879172502466
2008	763	5	R-Sub-APA	635.285182648	48.5123796796	0.352345111597	0.905130836951
2008	763	6	R-Sub-APPA	1703.67091012	0.203265019922	1.52791963677	0.866762000687
2008	763	7	R-Sub-APAPA	1662.12237565	241.627797141	0.809310855337	0.857071587473
2008	763	8	R-Sub-APVPA	1595.61058652	297.561516536	0.163118810654	0.853496410838
2008	763	9	MLTM-R-S-1-2	1602.87696818	283.577227287	0.852977513042
2008	763	10	MLTM-R-S-1-3	1642.28544583	0.661314404198	0.875190916054
2008	763	11	MLTM-R-S-1-4	1705.41932845	1.60732092824	0.864589571264
2008	763	12	MLTM-R-S-2-3	636.788720922	48.5135106059	0.89469347308
2008	763	13	MLTM-R-S-2-4	1404.01881023	3.03423622062	0.85747584799
2008	763	14	MLTM-R-S-3-4	63.0050535129	1.44379933826	0.930715892881
2008	763	15	MLTM-R	1656.16768934	241.470515583	0.0545767663105	0.771827697861	0.859149174705
