2003	1090	5	MH-APA	-6.71811727566	6.70192229201
2003	1090	6	MH-APPA	-6.61469807338	6.88518908911
2003	1090	7	MH-APAPA	-6.70986498028	6.51487379599
2003	1090	8	MH-APVPA	-6.58112262595	2.63756682162
2003	1090	9	MH-project	-6.59270248006	5.61051892739
2003	1090	10	M-Sub-APA	-6.74069892934	4.09867304882	5.39360636605	1.6242599711
2003	1090	11	M-Sub-APPA	-6.77322619407	4.49699801748	3.27686693831	1.41528806324
2003	1090	12	M-Sub-APAPA	-6.74121931211	5.65491610665	3.38441602207	1.64898029582
2003	1090	13	M-Sub-APVPA	-6.77767858174	3.92766703655	2.75716179704	3.01238414398
2003	1090	14	MLTM-S-1-2	-6.73598436878	5.74555801965	3.40408703249
2003	1090	15	MLTM-S-1-3	-6.76927761017	4.54159265311	3.33161657748
2003	1090	16	MLTM-S-1-4	-6.72318931439	6.60297759768	1.69988302444
2003	1090	17	MLTM-S-2-3	-6.73546932255	4.14009016241	5.48664813433
2003	1090	18	MLTM-S-2-4	-6.62228453139	6.79721627501	2.41354735887
2003	1090	19	MLTM-S-3-4	-6.71555487594	6.40254276677	1.80218878264
2003	1090	20	MLTM-M	-6.78176303788	3.88982614785	2.74855649682	2.95465508881	1.39701729493
2004	1090	5	MH-APA	-5.87815928336	5.51378670243
2004	1090	6	MH-APPA	-5.76750085579	7.66029730139
2004	1090	7	MH-APAPA	-5.89030658431	6.0963610919
2004	1090	8	MH-APVPA	-5.82154113616	9.0846857238
2004	1090	9	MH-project	-5.87419783508	10.5326783329
2004	1090	10	M-Sub-APA	-5.96874826023	3.41107686215	4.84027714051	5.70998082817
2004	1090	11	M-Sub-APPA	-5.96739883018	2.77437722841	3.20029817014	4.94696648632
2004	1090	12	M-Sub-APAPA	-5.9547033696	4.32965720863	3.59089193023	5.56036851251
2004	1090	13	M-Sub-APVPA	-5.93252330231	2.99778901395	2.87373935879	3.11152210276
2004	1090	14	MLTM-S-1-2	-5.89888486543	5.0038148317	3.68500953297
2004	1090	15	MLTM-S-1-3	-5.92168703513	3.22383512361	3.44712782307
2004	1090	16	MLTM-S-1-4	-5.93303484177	4.84637515206	5.58402971076
2004	1090	17	MLTM-S-2-3	-5.90903983095	3.5602532824	5.50846456727
2004	1090	18	MLTM-S-2-4	-5.86845163939	6.63425777677	8.36279771938
2004	1090	19	MLTM-S-3-4	-5.95086464113	5.42198510918	5.76196246394
2004	1090	20	MLTM-M	-5.98041149576	2.54622135572	2.9054739555	2.8307394149	5.04989263361
2005	1090	5	MH-APA	-5.85549922457	5.0547032617
2005	1090	6	MH-APPA	-5.69031265184	6.41086489509
2005	1090	7	MH-APAPA	-5.91212981704	5.87093554534
2005	1090	8	MH-APVPA	-5.83049321246	10.775187011
2005	1090	9	MH-project	-5.88797262797	10.6719888938
2005	1090	10	M-Sub-APA	-6.049496981	1.78127522455	4.60519337196	6.55798776751
2005	1090	11	M-Sub-APPA	-6.04754100816	1.98804107316	3.38901490805	6.02029686792
2005	1090	12	M-Sub-APAPA	-5.98823296335	3.76014485734	2.11945183059	6.31213734197
2005	1090	13	M-Sub-APVPA	-5.93715164727	2.30693852998	1.51684451138	3.37850257472
2005	1090	14	MLTM-S-1-2	-5.86772781974	4.49973740328	2.18658044791
2005	1090	15	MLTM-S-1-3	-5.93497419321	2.54717933685	3.60553959514
2005	1090	16	MLTM-S-1-4	-5.97319667643	4.26937761141	6.36595163576
2005	1090	17	MLTM-S-2-3	-5.91951535929	2.04739353957	5.28715808534
2005	1090	18	MLTM-S-2-4	-5.88811483295	5.08521627145	8.94414134796
2005	1090	19	MLTM-S-3-4	-6.04521492337	5.08154119189	6.73908143876
2005	1090	20	MLTM-M	-6.05138203651	1.79700401982	1.46035509075	3.14384270802	6.00839744413
2006	1090	5	MH-APA	-5.68742501393	5.13309879394
2006	1090	6	MH-APPA	-5.47666586496	6.53395092119
2006	1090	7	MH-APAPA	-5.72309637999	5.92034730451
2006	1090	8	MH-APVPA	-5.67723878596	10.6591284657
2006	1090	9	MH-project	-5.78425661434	11.6196640336
2006	1090	10	M-Sub-APA	-5.92843769796	3.04841384811	4.36738516976	6.09769956636
2006	1090	11	M-Sub-APPA	-5.91589307347	2.80327655531	2.45127385906	5.95024655986
2006	1090	12	M-Sub-APAPA	-5.87947930064	3.73337331461	2.61478400185	6.23256296465
2006	1090	13	M-Sub-APVPA	-5.77832690723	2.86159182155	2.57231019115	2.60714351608
2006	1090	14	MLTM-S-1-2	-5.71495391353	4.49181374973	2.84520504304
2006	1090	15	MLTM-S-1-3	-5.7607131628	3.40825649099	2.72274651687
2006	1090	16	MLTM-S-1-4	-5.85871232443	4.28008443419	6.52845085011
2006	1090	17	MLTM-S-2-3	-5.76299932164	3.496933996	5.11845551405
2006	1090	18	MLTM-S-2-4	-5.76039948837	5.24053486437	8.9218535754
2006	1090	19	MLTM-S-3-4	-5.9087104522	5.01495527084	6.58650994808
2006	1090	20	MLTM-M	-5.9280522576	2.36267638517	2.37024800549	2.30713378439	5.7464993211
2007	1090	5	MH-APA	-5.86613506808	5.09696581031
2007	1090	6	MH-APPA	-5.54559268397	5.72164399659
2007	1090	7	MH-APAPA	-5.89561922771	5.67196679308
2007	1090	8	MH-APVPA	-5.87000204183	10.7707637804
2007	1090	9	MH-project	-6.01714420335	11.6420917495
2007	1090	10	M-Sub-APA	-6.1326247098	2.30234005298	4.35072600798	6.14576908056
2007	1090	11	M-Sub-APPA	-6.11591022782	2.74851318463	2.40257756604	5.30760420731
2007	1090	12	M-Sub-APAPA	-6.0674880403	3.91247639681	2.18001181576	5.49132804799
2007	1090	13	M-Sub-APVPA	-5.96580853183	3.18668154301	1.99197890971	2.35456314628
2007	1090	14	MLTM-S-1-2	-5.89601422464	4.69758356849	2.32614550958
2007	1090	15	MLTM-S-1-3	-5.95049594719	3.41227274702	2.56079142835
2007	1090	16	MLTM-S-1-4	-6.03986183022	4.2698105121	5.64018751321
2007	1090	17	MLTM-S-2-3	-5.92888681352	2.73027010131	5.15280113828
2007	1090	18	MLTM-S-2-4	-5.9458854996	4.33982074446	9.63660276973
2007	1090	19	MLTM-S-3-4	-6.11612174587	4.75830598524	6.46301378118
2007	1090	20	MLTM-M	-6.12821562937	2.5861075696	1.84144352901	2.17083880322	5.20729574968
2008	1090	5	MH-APA	-6.07588145964	5.13755360338
2008	1090	6	MH-APPA	-5.72105200889	6.16378545989
2008	1090	7	MH-APAPA	-6.11545751373	5.86222092174
2008	1090	8	MH-APVPA	-6.02287588257	10.1638027306
2008	1090	9	MH-project	-6.15831262757	11.1533232944
2008	1090	10	M-Sub-APA	-6.29996603234	2.59427863773	4.67183602376	4.96885866813
2008	1090	11	M-Sub-APPA	-6.28089226893	2.87971648741	2.58329801601	3.85939249219
2008	1090	12	M-Sub-APAPA	-6.22194543481	4.11215733902	2.37599314309	4.17412537283
2008	1090	13	M-Sub-APVPA	-6.18291589556	3.14849491278	2.08731226454	2.57303339172
2008	1090	14	MLTM-S-1-2	-6.09859608414	4.76505891648	2.387459025
2008	1090	15	MLTM-S-1-3	-6.17020125802	3.40722173946	2.69827507649
2008	1090	16	MLTM-S-1-4	-6.1940417689	4.47906294058	4.15366710493
2008	1090	17	MLTM-S-2-3	-6.14429093771	2.91839325447	5.38583945426
2008	1090	18	MLTM-S-2-4	-6.09144167917	4.82119646569	8.96652394583
2008	1090	19	MLTM-S-3-4	-6.28499088511	5.05573118369	5.30579285612
2008	1090	20	MLTM-M	-6.29477452831	2.66669754923	2.04518879662	2.4171261856	3.84362173772
2001	1286	5	MH-APA	-8.07619737199	1.44655347924
2001	1286	6	MH-APPA	-8.07460103153	-0.010380719831
2001	1286	7	MH-APAPA	-8.07630924637	1.3510903549
2001	1286	8	MH-APVPA	-8.07469573577	0.0778464617775
2001	1286	9	MH-project	-8.07477577606	0.143314146043
2001	1286	10	M-Sub-APA	-8.07639410757	-0.0118107613104	1.35106113695	0.0772359477044
2001	1286	11	M-Sub-APPA	-8.0791901025	1.41777453848	1.32149957353	0.0762066752033
2001	1286	12	M-Sub-APAPA	-8.07628158637	1.44653450743	-0.0123315456046	0.0772772202567
2001	1286	13	M-Sub-APVPA	-8.07908642182	1.41791393065	-0.0155188823864	1.32163088991
2001	1286	14	MLTM-S-1-2	-8.07619052088	1.44657925023	-0.0123244370176
2001	1286	15	MLTM-S-1-3	-8.07909702178	1.41785317394	1.32157990062
2001	1286	16	MLTM-S-1-4	-8.07628844394	1.44650869106	0.0772760787624
2001	1286	17	MLTM-S-2-3	-8.07630295317	-0.0118041501735	1.35110769141
2001	1286	18	MLTM-S-2-4	-8.07469084319	-0.0103854269952	0.0778470927561
2001	1286	19	MLTM-S-3-4	-8.07640040654	1.35104376759	0.0772349307674
2001	1286	20	MLTM-M	-8.079179491	1.41783540318	-0.0155297473275	1.32155065705	0.0762089083574
2002	1286	5	MH-APA	-7.37522119664	-0.0452718334606
2002	1286	6	MH-APPA	-7.37542891038	0.173003598169
2002	1286	7	MH-APAPA	-7.37540507106	0.0794025110177
2002	1286	8	MH-APVPA	-7.37552378175	0.135547626039
2002	1286	9	MH-project	-7.37550180076	0.121267806961
2002	1286	10	M-Sub-APA	-7.37580131606	0.172560037121	0.0784763647821	0.135404415312
2002	1286	11	M-Sub-APPA	-7.37559117165	-0.0474055232674	0.0805347626122	0.135514193588
2002	1286	12	M-Sub-APAPA	-7.37561607816	-0.0462046572068	0.173182995072	0.135503230063
2002	1286	13	M-Sub-APVPA	-7.37549456537	-0.0481661557771	0.172873888388	0.0798686046171
2002	1286	14	MLTM-S-1-2	-7.37537043	-0.0461136809901	0.173242795142
2002	1286	15	MLTM-S-1-3	-7.37534565349	-0.0473155886258	0.0806420404962
2002	1286	16	MLTM-S-1-4	-7.37546682749	-0.0453615321987	0.135578964752
2002	1286	17	MLTM-S-2-3	-7.37555564441	0.17262093358	0.0785890015774
2002	1286	18	MLTM-S-2-4	-7.37567470334	0.172942870768	0.135470815253
2002	1286	19	MLTM-S-3-4	-7.37565072701	0.0792910810973	0.135481327852
2002	1286	20	MLTM-M	-7.37574009668	-0.048257303257	0.17281392834	0.0797602365032	0.13543836252
2003	1286	5	MH-APA	-6.91445869003	0.825021410639
2003	1286	6	MH-APPA	-6.91369921406	0.845523085656
2003	1286	7	MH-APAPA	-6.91369424101	0.468270779989
2003	1286	8	MH-APVPA	-6.91423907786	0.638247290686
2003	1286	9	MH-project	-6.91422191848	0.611579968841
2003	1286	10	M-Sub-APA	-6.91628416157	0.831598801864	0.445810554664	0.636863968628
2003	1286	11	M-Sub-APPA	-6.91706149217	0.784988225249	0.39724053925	0.636009598762
2003	1286	12	M-Sub-APAPA	-6.91711912735	0.795311079436	0.815817198913	0.63615644273
2003	1286	13	M-Sub-APVPA	-6.91659663856	0.754077482444	0.79874873499	0.366765371053
2003	1286	14	MLTM-S-1-2	-6.91556657215	0.796538462396	0.816322587459
2003	1286	15	MLTM-S-1-3	-6.91551136253	0.786243423759	0.398443936433
2003	1286	16	MLTM-S-1-4	-6.91600935896	0.823791246557	0.636792578345
2003	1286	17	MLTM-S-2-3	-6.91473406166	0.832102777922	0.446855403277
2003	1286	18	MLTM-S-2-4	-6.91524839048	0.84500590285	0.637601385381
2003	1286	19	MLTM-S-3-4	-6.91524224351	0.467236640371	0.637498102139
2003	1286	20	MLTM-M	-6.91814812294	0.752869206096	0.798307044773	0.365605191626	0.635442377022
2004	1286	5	MH-APA	-6.44967882743	5.21269881671
2004	1286	6	MH-APPA	-6.30549659249	2.9534562582
2004	1286	7	MH-APAPA	-6.44639131994	5.91282516879
2004	1286	8	MH-APVPA	-6.31154479206	2.58690597109
2004	1286	9	MH-project	-6.31972180908	4.18075874725
2004	1286	10	M-Sub-APA	-6.46266220686	2.06609289827	5.77464628545	2.00529425446
2004	1286	11	M-Sub-APPA	-6.49659850508	3.26835115371	3.05011158638	1.79274268261
2004	1286	12	M-Sub-APAPA	-6.46408177743	5.08921820883	1.79797003162	1.93545462298
2004	1286	13	M-Sub-APVPA	-6.49285442948	3.25354443704	1.74396297074	3.051242273
2004	1286	14	MLTM-S-1-2	-6.45452918938	5.14300239647	1.80777957872
2004	1286	15	MLTM-S-1-3	-6.48785399481	3.30391831502	3.07827202858
2004	1286	16	MLTM-S-1-4	-6.45921138552	5.1582161907	1.94618810768
2004	1286	17	MLTM-S-2-3	-6.45238011423	2.08166759194	5.83362834971
2004	1286	18	MLTM-S-2-4	-6.31752143766	2.92962138296	2.56665439578
2004	1286	19	MLTM-S-3-4	-6.45667330795	5.85274641049	2.02144919245
2004	1286	20	MLTM-M	-6.50161888312	3.218507566	1.73587006868	3.02339788972	1.78367952693
2005	1286	5	MH-APA	-6.35566789304	4.68867117855
2005	1286	6	MH-APPA	-6.24374010469	4.4405597816
2005	1286	7	MH-APAPA	-6.36194571174	5.22402961134
2005	1286	8	MH-APVPA	-6.24703559892	4.56178427217
2005	1286	9	MH-project	-6.27094980226	6.83226606625
2005	1286	10	M-Sub-APA	-6.40961541746	2.74909061537	4.77857826883	3.69089146016
2005	1286	11	M-Sub-APPA	-6.42796173301	2.93946713241	2.77106140916	3.49273520756
2005	1286	12	M-Sub-APAPA	-6.39519164233	4.25111994676	2.16020188818	3.66707511808
2005	1286	13	M-Sub-APVPA	-6.40576437474	2.73503697832	1.92761951674	2.78890448845
2005	1286	14	MLTM-S-1-2	-6.36497579591	4.36566955224	2.18724123157
2005	1286	15	MLTM-S-1-3	-6.39985843697	3.02024774597	2.83621723637
2005	1286	16	MLTM-S-1-4	-6.3859867567	4.5694731376	3.7123017322
2005	1286	17	MLTM-S-2-3	-6.37872441585	2.81023698875	4.89399912526
2005	1286	18	MLTM-S-2-4	-6.27992919934	4.35178084855	4.40819387818
2005	1286	19	MLTM-S-3-4	-6.39384215178	5.1045965738	3.80641742907
2005	1286	20	MLTM-M	-6.43382769874	2.661504981	1.90731092018	2.72073598235	3.45960708609
2006	1286	5	MH-APA	-6.20521889546	5.16877368666
2006	1286	6	MH-APPA	-6.03506666259	6.3251842538
2006	1286	7	MH-APAPA	-6.20481950192	5.64227036759
2006	1286	8	MH-APVPA	-6.09253391832	8.81057484605
2006	1286	9	MH-project	-6.16417450986	11.7559595044
2006	1286	10	M-Sub-APA	-6.31933129311	3.8222882062	4.86364333352	6.38265173928
2006	1286	11	M-Sub-APPA	-6.32205946503	3.62281390623	1.97668063497	6.04087648943
2006	1286	12	M-Sub-APAPA	-6.30628288865	4.49683069259	3.0606620288	6.14564661015
2006	1286	13	M-Sub-APVPA	-6.25828550617	3.46764250775	3.01144712034	2.07953255762
2006	1286	14	MLTM-S-1-2	-6.22390130326	4.77556220705	3.19092860256
2006	1286	15	MLTM-S-1-3	-6.24307482054	3.79876935443	2.16021348735
2006	1286	16	MLTM-S-1-4	-6.28961702462	4.87161165398	6.31160051306
2006	1286	17	MLTM-S-2-3	-6.2330175783	3.98899381458	5.19853322235
2006	1286	18	MLTM-S-2-4	-6.15071499253	5.98830673579	8.2916804391
2006	1286	19	MLTM-S-3-4	-6.29386766846	5.28409612897	6.61823064192
2006	1286	20	MLTM-M	-6.33617242199	3.29914730552	2.90916572769	1.90767029329	5.91567743347
2002	1480	5	MH-APA	-7.04398596884	7.03880286213
2002	1480	6	MH-APPA	-6.95906637244	2.97666636012
2002	1480	7	MH-APAPA	-7.02843584057	7.11142328349
2002	1480	8	MH-APVPA	-6.95847842737	1.56224790954
2002	1480	9	MH-project	-6.96066309013	3.38560889363
2002	1480	10	M-Sub-APA	-7.03819370312	2.38622060813	6.84840099631	1.27270304598
2002	1480	11	M-Sub-APPA	-7.10578443164	4.75910121124	4.10541024847	0.994939371087
2002	1480	12	M-Sub-APAPA	-7.05337264687	6.77838499272	2.34360982865	1.06670397771
2002	1480	13	M-Sub-APVPA	-7.10939579275	4.67727129315	1.85898133772	3.99537796402
2002	1480	14	MLTM-S-1-2	-7.05126042449	6.85249550891	2.34024665147
2002	1480	15	MLTM-S-1-3	-7.10380028045	4.80311711985	4.12406079901
2002	1480	16	MLTM-S-1-4	-7.04608982144	6.96447160888	1.05861239467
2002	1480	17	MLTM-S-2-3	-7.03572698637	2.38892446844	6.90864782187
2002	1480	18	MLTM-S-2-4	-6.96060686376	2.97494395758	1.55984882921
2002	1480	19	MLTM-S-3-4	-7.03091533444	7.05035900569	1.27644196062
2002	1480	20	MLTM-M	-7.11133567011	4.63434026497	1.85981830199	3.97584478348	0.997898497207
2003	1480	5	MH-APA	-7.21617185043	7.58044263923
2003	1480	6	MH-APPA	-6.99284930992	7.94867315349
2003	1480	7	MH-APAPA	-7.26269427607	7.80609613237
2003	1480	8	MH-APVPA	-6.87101992323	4.84277894704
2003	1480	9	MH-project	-6.94568589097	9.72935349062
2003	1480	10	M-Sub-APA	-7.2894670102	2.35040866436	6.64299093083	2.56883033987
2003	1480	11	M-Sub-APPA	-7.34344919809	3.85976552374	4.48039007996	2.07519209073
2003	1480	12	M-Sub-APAPA	-7.25778012038	6.34662190851	2.95589945265	2.63347245223
2003	1480	13	M-Sub-APVPA	-7.34188140466	3.76782301143	1.83575830142	4.03751144703
2003	1480	14	MLTM-S-1-2	-7.24365942977	6.58552140459	2.92212109585
2003	1480	15	MLTM-S-1-3	-7.33362944879	3.9523932035	4.58563995185
2003	1480	16	MLTM-S-1-4	-7.22846997516	7.36426309605	2.48360917055
2003	1480	17	MLTM-S-2-3	-7.27544566654	2.30964518212	6.89462718975
2003	1480	18	MLTM-S-2-4	-7.01407032277	7.70099619249	4.15163111947
2003	1480	19	MLTM-S-3-4	-7.27505991286	7.58780670857	2.43675078483
2003	1480	20	MLTM-M	-7.35290593056	3.65917813957	1.89397034498	3.90712804845	2.21730441649
2004	1480	5	MH-APA	-6.44729711456	5.937839567
2004	1480	6	MH-APPA	-6.33223438892	6.75834974561
2004	1480	7	MH-APAPA	-6.48766167963	6.62455290515
2004	1480	8	MH-APVPA	-6.30563075104	8.44242106641
2004	1480	9	MH-project	-6.368969881	10.2219163868
2004	1480	10	M-Sub-APA	-6.52263461733	1.75636906681	5.39869249537	5.20612485442
2004	1480	11	M-Sub-APPA	-6.53975175565	2.55887976365	3.85938906561	4.96809748124
2004	1480	12	M-Sub-APAPA	-6.49057585819	4.74804955981	1.98681543083	5.70077643654
2004	1480	13	M-Sub-APVPA	-6.51377419506	2.50255994579	1.14670420078	4.05510535598
2004	1480	14	MLTM-S-1-2	-6.45780809579	5.24224529233	2.12218631396
2004	1480	15	MLTM-S-1-3	-6.51359543665	2.73705508374	4.27251480634
2004	1480	16	MLTM-S-1-4	-6.4804333155	5.39478253753	5.79367619292
2004	1480	17	MLTM-S-2-3	-6.49271793161	1.80747973416	5.97028942991
2004	1480	18	MLTM-S-2-4	-6.37807546411	5.99776791926	7.34802525712
2004	1480	19	MLTM-S-3-4	-6.51713406557	6.02778718584	5.19370760778
2004	1480	20	MLTM-M	-6.54054360954	2.32060701274	1.15297594448	3.6439570284	5.00579394676
2005	1480	5	MH-APA	-6.16636152444	4.84780043435
2005	1480	6	MH-APPA	-6.07060327713	5.02854528235
2005	1480	7	MH-APAPA	-6.19512660296	5.63362641938
2005	1480	8	MH-APVPA	-6.10720382312	9.82594747008
2005	1480	9	MH-project	-6.15794286406	9.99262564645
2005	1480	10	M-Sub-APA	-6.26740895653	1.37604485366	4.28582675705	6.50433626787
2005	1480	11	M-Sub-APPA	-6.27595693854	2.27121349	2.80805576869	6.22566727857
2005	1480	12	M-Sub-APAPA	-6.24786608773	3.60658228827	1.86007237897	6.40163882937
2005	1480	13	M-Sub-APVPA	-6.21668927292	2.52657199864	1.43278437477	2.77401759859
2005	1480	14	MLTM-S-1-2	-6.18139590704	4.20068873167	2.20308841398
2005	1480	15	MLTM-S-1-3	-6.21377067193	2.6699045491	3.20184680149
2005	1480	16	MLTM-S-1-4	-6.23565492072	4.11367313711	6.68618977258
2005	1480	17	MLTM-S-2-3	-6.19952361674	1.69321711498	4.94299256114
2005	1480	18	MLTM-S-2-4	-6.16159170549	3.97671685141	8.13855051135
2005	1480	19	MLTM-S-3-4	-6.26482434868	4.827301143	6.68070669945
2005	1480	20	MLTM-M	-6.27788937559	2.17137011028	1.1957511385	2.44589467947	6.10674954205
2006	1480	5	MH-APA	-6.04409160967	5.80471638834
2006	1480	6	MH-APPA	-5.80365984718	6.39963931683
2006	1480	7	MH-APAPA	-6.07751064856	6.59124179558
2006	1480	8	MH-APVPA	-5.9310846481	12.2142104908
2006	1480	9	MH-project	-6.04429986225	12.9128774765
2006	1480	10	M-Sub-APA	-6.23399235915	3.14356377832	5.3187788925	6.86721505891
2006	1480	11	M-Sub-APPA	-6.22997203729	3.09523114973	2.91772239463	7.23649882048
2006	1480	12	M-Sub-APAPA	-6.19639170705	4.61568139917	2.87055938826	7.38689893066
2006	1480	13	M-Sub-APVPA	-6.14455667886	3.09343258946	3.1560255633	3.23074314035
2006	1480	14	MLTM-S-1-2	-6.0818315417	5.27543133617	3.48864875806
2006	1480	15	MLTM-S-1-3	-6.11492602006	3.52382559097	3.35183200099
2006	1480	16	MLTM-S-1-4	-6.17344743171	4.98530985892	8.06641758088
2006	1480	17	MLTM-S-2-3	-6.12359299147	3.72671679171	6.01277034288
2006	1480	18	MLTM-S-2-4	-6.00020088675	4.96552989133	10.6042460182
2006	1480	19	MLTM-S-3-4	-6.20274367059	5.73815925705	7.53609981296
2006	1480	20	MLTM-M	-6.24865138782	2.75131959336	2.63079309782	2.86461137836	6.71420662087
2007	1480	5	MH-APA	-5.99737336728	5.44823733551
2007	1480	6	MH-APPA	-5.7415720909	7.10897217317
2007	1480	7	MH-APAPA	-6.03951336871	6.27294969491
2007	1480	8	MH-APVPA	-6.11118994444	14.8795204111
2007	1480	9	MH-project	-6.21189628193	14.5792939877
2007	1480	10	M-Sub-APA	-6.35334946847	2.908751474	4.49401269833	10.2929354784
2007	1480	11	M-Sub-APPA	-6.3494269928	2.6082833453	2.54651417398	10.1634757289
2007	1480	12	M-Sub-APAPA	-6.31816334643	3.85053177734	3.02633619637	10.3350173262
2007	1480	13	M-Sub-APVPA	-6.09853531385	3.16303771193	3.15437379422	2.75899202665
2007	1480	14	MLTM-S-1-2	-6.03658276583	4.95463785427	3.6672509258
2007	1480	15	MLTM-S-1-3	-6.07782778956	3.37555461979	3.11751449595
2007	1480	16	MLTM-S-1-4	-6.29554577376	4.22502744873	10.7810976299
2007	1480	17	MLTM-S-2-3	-6.07188756615	3.67889177454	5.64975028642
2007	1480	18	MLTM-S-2-4	-6.18112188056	5.27324925321	13.5491325056
2007	1480	19	MLTM-S-3-4	-6.34137987567	4.96211118415	10.7303629786
2007	1480	20	MLTM-M	-6.35904281612	2.49498695138	2.61477083497	2.20016577969	9.85500330558
1988	1633	5	MH-APA	-6.81732840861	2.59839436228
1988	1633	6	MH-APPA	-6.80224555935	-0.0056081625549
1988	1633	7	MH-APAPA	-6.80919665071	1.59816202996
1988	1633	8	MH-APVPA	-6.80232850847	0.0324456483538
1988	1633	9	MH-project	-6.80247449268	0.0918154921649
1988	1633	10	M-Sub-APA	-6.80926982601	-0.0106342712761	1.59819992873	0.0317547481628
1988	1633	11	M-Sub-APPA	-6.83709772473	2.38442393365	1.30630558761	0.0289096599399
1988	1633	12	M-Sub-APAPA	-6.81738538462	2.59860307908	-0.0196618644366	0.0309722038997
1988	1633	13	M-Sub-APVPA	-6.83694162046	2.38553530575	-0.0458273389444	1.30748473235
1988	1633	14	MLTM-S-1-2	-6.81730572908	2.5986371098	-0.0196627189299
1988	1633	15	MLTM-S-1-3	-6.83702178378	2.38447117044	1.30635617504
1988	1633	16	MLTM-S-1-4	-6.81740806326	2.5983603719	0.0309727625717
1988	1633	17	MLTM-S-2-3	-6.80918943974	-0.0106340228813	1.59822089906
1988	1633	18	MLTM-S-2-4	-6.80232638126	-0.00560868975158	0.032445739696
1988	1633	19	MLTM-S-3-4	-6.80927703703	1.59814106271	0.0317546650667
1988	1633	20	MLTM-M	-6.8370175586	2.38548774399	-0.0458217235147	1.30743380318	0.0289002350997
1989	1633	5	MH-APA	-6.55298011675	0.281596835832
1989	1633	6	MH-APPA	-6.55228382219	-0.0172956296937
1989	1633	7	MH-APAPA	-6.5542506505	0.588318352865
1989	1633	8	MH-APVPA	-6.55250625874	0.0710257089768
1989	1633	9	MH-project	-6.55261898523	0.109308221945
1989	1633	10	M-Sub-APA	-6.5544400332	-0.0187087223615	0.588301780846	0.0705394924041
1989	1633	11	M-Sub-APPA	-6.55530696196	0.260377945844	0.577754685194	0.0703297788001
1989	1633	12	M-Sub-APAPA	-6.55317105289	0.281585674726	-0.0177890308806	0.0708629875109
1989	1633	13	M-Sub-APVPA	-6.55508129849	0.260481637993	-0.0192994449752	0.577884078128
1989	1633	14	MLTM-S-1-2	-6.55296397746	0.281629380073	-0.0177832387742
1989	1633	15	MLTM-S-1-3	-6.55509998268	0.260435959332	0.57782775059
1989	1633	16	MLTM-S-1-4	-6.55318719813	0.281553098189	0.0708615207714
1989	1633	17	MLTM-S-2-3	-6.55423290719	-0.0187024074413	0.588368974734
1989	1633	18	MLTM-S-2-4	-6.55249090554	-0.0173011534018	0.0710270658567
1989	1633	19	MLTM-S-3-4	-6.55445778311	0.588251110852	0.0705378020376
1989	1633	20	MLTM-M	-6.55528827108	0.260423665304	-0.0193059887852	0.577811062713	0.0703315922904
1990	1633	5	MH-APA	-6.524564911	2.79608205009
1990	1633	6	MH-APPA	-6.48578733391	0.103970669488
1990	1633	7	MH-APAPA	-6.49366878256	1.59034309689
1990	1633	8	MH-APVPA	-6.48596709089	0.107017751575
1990	1633	9	MH-project	-6.49383033231	1.90218931431
1990	1633	10	M-Sub-APA	-6.4943510565	0.0890289136213	1.58894172045	0.105017898096
1990	1633	11	M-Sub-APPA	-6.53893636556	2.55680145074	1.02942239641	0.0965276274678
1990	1633	12	M-Sub-APAPA	-6.52499998836	2.79552727256	0.00445006993544	0.100494953726
1990	1633	13	M-Sub-APVPA	-6.53841243657	2.55865301395	-0.0289408475085	1.03063226707
1990	1633	14	MLTM-S-1-2	-6.52458440701	2.79584061839	0.0045194833099
1990	1633	15	MLTM-S-1-3	-6.53853544224	2.55711568478	1.02974735285
1990	1633	16	MLTM-S-1-4	-6.52498079703	2.79576500743	0.100498259725
1990	1633	17	MLTM-S-2-3	-6.49392371739	0.0890928168859	1.58912028826
1990	1633	18	MLTM-S-2-4	-6.48621618229	0.103916393021	0.106965031287
1990	1633	19	MLTM-S-3-4	-6.49409632628	1.59016439842	0.105072693286
1990	1633	20	MLTM-M	-6.53881311765	2.55834236593	-0.0290094540872	1.03030948282	0.0965500547125
1991	1633	5	MH-APA	-6.55868578931	3.68662767275
1991	1633	6	MH-APPA	-6.46822992985	0.428440975219
1991	1633	7	MH-APAPA	-6.50765254546	2.98824366238
1991	1633	8	MH-APVPA	-6.46827158068	0.234069606222
1991	1633	9	MH-project	-6.4690271949	0.379597496683
1991	1633	10	M-Sub-APA	-6.51029186328	0.332881277415	2.97189702489	0.218133221432
1991	1633	11	M-Sub-APPA	-6.5970283	3.03457733448	1.62729252823	0.178810851611
1991	1633	12	M-Sub-APAPA	-6.56088308405	3.67119756425	0.236533039609	0.189718546632
1991	1633	13	M-Sub-APVPA	-6.5963191135	3.03226515902	0.077057676026	1.62310215753
1991	1633	14	MLTM-S-1-2	-6.55980750237	3.67354820283	0.236649642034
1991	1633	15	MLTM-S-1-3	-6.59601571283	3.03631685497	1.62817658451
1991	1633	16	MLTM-S-1-4	-6.55976226645	3.68426117404	0.18986676612
1991	1633	17	MLTM-S-2-3	-6.50909957093	0.333167945217	2.97336713899
1991	1633	18	MLTM-S-2-4	-6.46943956896	0.428276686117	0.233791054395
1991	1633	19	MLTM-S-3-4	-6.50884667105	2.98677343209	0.218570655347
1991	1633	20	MLTM-M	-6.59733130407	3.03053189263	0.0769951396336	1.62222213022	0.178781817141
1992	1633	5	MH-APA	-6.07267890164	2.99413507697
1992	1633	6	MH-APPA	-6.02591226203	1.82137218715
1992	1633	7	MH-APAPA	-6.057605076	3.20594193238
1992	1633	8	MH-APVPA	-6.02311798398	0.568287650479
1992	1633	9	MH-project	-6.02373626675	0.698607731136
1992	1633	10	M-Sub-APA	-6.06689341235	1.69542971	3.14167503906	0.550326735189
1992	1633	11	M-Sub-APPA	-6.10197534502	2.2115660357	2.11878754571	0.527498784669
1992	1633	12	M-Sub-APAPA	-6.08138732005	2.90856991428	1.61048300407	0.53182008476
1992	1633	13	M-Sub-APVPA	-6.10463009514	2.14255264926	1.49485375153	2.07529921524
1992	1633	14	MLTM-S-1-2	-6.07867927899	2.91351223045	1.61066647842
1992	1633	15	MLTM-S-1-3	-6.09929532506	2.21580583056	2.11948935826
1992	1633	16	MLTM-S-1-4	-6.07537094593	2.98872940566	0.531860144982
1992	1633	17	MLTM-S-2-3	-6.06410513192	1.69677066828	3.14413630911
1992	1633	18	MLTM-S-2-4	-6.02871132346	1.81995590909	0.565115365855
1992	1633	19	MLTM-S-3-4	-6.06038855341	3.20343579667	0.553573976064
1992	1633	20	MLTM-M	-6.10732337396	2.13869087862	1.49458998684	2.07450708549	0.527163450324
1993	1633	5	MH-APA	-6.04939250562	3.33015596583
1993	1633	6	MH-APPA	-5.95725122481	1.50264778738
1993	1633	7	MH-APAPA	-6.04781065324	3.85108623428
1993	1633	8	MH-APVPA	-5.9617285079	1.1688950851
1993	1633	9	MH-project	-5.96554421293	1.58486901606
1993	1633	10	M-Sub-APA	-6.06200903585	1.01082980833	3.74506719934	1.0180485028
1993	1633	11	M-Sub-APPA	-6.10424319877	2.10557348455	2.46255706896	0.934771424901
1993	1633	12	M-Sub-APAPA	-6.06364997646	3.24618102216	1.1233920747	0.988404637714
1993	1633	13	M-Sub-APVPA	-6.09853912076	2.08948625511	0.76381719071	2.42382598107
1993	1633	14	MLTM-S-1-2	-6.05470179117	3.27302017863	1.12997175564
1993	1633	15	MLTM-S-1-3	-6.09590852024	2.12493404448	2.47481916981
1993	1633	16	MLTM-S-1-4	-6.05839413716	3.30311807943	0.995895830967
1993	1633	17	MLTM-S-2-3	-6.05275278981	1.02047772593	3.76983415024
1993	1633	18	MLTM-S-2-4	-5.96749480987	1.49716257533	1.1628338063
1993	1633	19	MLTM-S-3-4	-6.05716997489	3.8261596786	1.0283245822
1993	1633	20	MLTM-M	-6.10680049382	2.07058962154	0.756595089601	2.41176449316	0.928073166466
2002	1991	5	MH-APA	-7.53719608338	6.49819674635
2002	1991	6	MH-APPA	-7.41761490373	0.627952253172
2002	1991	7	MH-APAPA	-7.44275068231	5.45750189726
2002	1991	8	MH-APVPA	-7.41775433577	0.559910527548
2002	1991	9	MH-project	-7.41803504777	1.18273212738
2002	1991	10	M-Sub-APA	-7.44325336738	0.624517345032	5.45331226125	0.543107391514
2002	1991	11	M-Sub-APPA	-7.56969539115	5.45007246846	2.45510553152	0.428681007949
2002	1991	12	M-Sub-APAPA	-7.53792137906	6.48108878913	0.476362087084	0.468135103064
2002	1991	13	M-Sub-APVPA	-7.56976785529	5.44425536078	0.526439150125	2.46574346068
2002	1991	14	MLTM-S-1-2	-7.53754218219	6.48768809593	0.476037245012
2002	1991	15	MLTM-S-1-3	-7.56936609573	5.4551813298	2.45954505315
2002	1991	16	MLTM-S-1-4	-7.53757493599	6.49158462834	0.46780306547
2002	1991	17	MLTM-S-2-3	-7.44289356408	0.624567080595	5.45704366343
2002	1991	18	MLTM-S-2-4	-7.41786287308	0.627918420593	0.559872748958
2002	1991	19	MLTM-S-3-4	-7.44310995072	5.45377154898	0.543163860549
2002	1991	20	MLTM-M	-7.57009749648	5.43915860076	0.526648702287	2.46129904816	0.428932846697
2003	1991	5	MH-APA	-7.05712050532	5.53906253299
2003	1991	6	MH-APPA	-6.94953580234	1.50269105625
2003	1991	7	MH-APAPA	-7.00116746752	5.32470616743
2003	1991	8	MH-APVPA	-6.94928134327	0.555722125208
2003	1991	9	MH-project	-6.95067570302	1.80095995754
2003	1991	10	M-Sub-APA	-7.00366242274	1.23796927623	5.27140277984	0.503532703514
2003	1991	11	M-Sub-APPA	-7.08287818023	4.47900091209	2.45173099009	0.337686644706
2003	1991	12	M-Sub-APAPA	-7.05883516539	5.48598837846	0.974079397753	0.336331097408
2003	1991	13	M-Sub-APVPA	-7.0835961177	4.45010358802	0.878022377949	2.43816391807
2003	1991	14	MLTM-S-1-2	-7.05836543731	5.49366352884	0.977295585499
2003	1991	15	MLTM-S-1-3	-7.08240254932	4.48621439427	2.45203937274
2003	1991	16	MLTM-S-1-4	-7.05760371213	5.53119965032	0.345889399234
2003	1991	17	MLTM-S-2-3	-7.00301021835	1.23910841305	5.27603317209
2003	1991	18	MLTM-S-2-4	-6.95013401958	1.50223451346	0.554696965482
2003	1991	19	MLTM-S-3-4	-7.00181632584	5.32007836264	0.50600640698
2003	1991	20	MLTM-M	-7.08406290875	4.44291101157	0.875348020791	2.43801854069	0.330583243907
2004	1991	5	MH-APA	-6.92245956035	5.68920964401
2004	1991	6	MH-APPA	-6.70634917328	4.06064106598
2004	1991	7	MH-APAPA	-6.84685486015	6.63653987955
2004	1991	8	MH-APVPA	-6.70283412054	1.43515640344
2004	1991	9	MH-project	-6.70871839681	3.14414468604
2004	1991	10	M-Sub-APA	-6.86035711943	3.31507342617	6.46642788306	1.07278141991
2004	1991	11	M-Sub-APPA	-6.97519103672	4.34082445818	3.15282828432	0.923894140622
2004	1991	12	M-Sub-APAPA	-6.93394816721	5.58021682055	2.74940331423	1.07437116659
2004	1991	13	M-Sub-APVPA	-6.9791743444	4.28577416629	2.58220592721	3.09453833646
2004	1991	14	MLTM-S-1-2	-6.93044625594	5.59591449534	2.75175130976
2004	1991	15	MLTM-S-1-3	-6.97225889022	4.3491770434	3.16944268062
2004	1991	16	MLTM-S-1-4	-6.92594443118	5.67332349446	1.08022886309
2004	1991	17	MLTM-S-2-3	-6.85675411361	3.3152042395	6.49550621684
2004	1991	18	MLTM-S-2-4	-6.7106304756	4.05625813195	1.42665098616
2004	1991	19	MLTM-S-3-4	-6.85041860774	6.60668463842	1.07157532091
2004	1991	20	MLTM-M	-6.98213957371	4.27728822279	2.58215039504	3.07819464786	0.9261847074
2005	1991	5	MH-APA	-6.73458737316	5.73059801513
2005	1991	6	MH-APPA	-6.49127773701	5.06419357161
2005	1991	7	MH-APAPA	-6.66650165417	6.18847647857
2005	1991	8	MH-APVPA	-6.47655542128	2.81121582243
2005	1991	9	MH-project	-6.49940654658	6.99711382026
2005	1991	10	M-Sub-APA	-6.68657326429	2.45454838141	5.83930105403	1.96709649894
2005	1991	11	M-Sub-APPA	-6.77925866902	4.48513738765	2.26239743616	1.59736990273
2005	1991	12	M-Sub-APAPA	-6.74522256876	5.54617375243	1.0414963486	1.67433278874
2005	1991	13	M-Sub-APVPA	-6.77520311113	4.37766789875	1.06338998754	2.2777783384
2005	1991	14	MLTM-S-1-2	-6.73761693497	5.58887664636	1.06748391957
2005	1991	15	MLTM-S-1-3	-6.77200185019	4.51687220825	2.28556234367
2005	1991	16	MLTM-S-1-4	-6.74250256876	5.6835757665	1.72522689549
2005	1991	17	MLTM-S-2-3	-6.67705674245	2.48106568022	5.89571383705
2005	1991	18	MLTM-S-2-4	-6.50356069764	5.00359047961	2.69031377145
2005	1991	19	MLTM-S-3-4	-6.67622413165	6.12840464694	2.02689675016
2005	1991	20	MLTM-M	-6.78226858171	4.34741446594	1.04453187665	2.25745839651	1.55969096772
2006	1991	5	MH-APA	-6.64953835086	5.67464094373
2006	1991	6	MH-APPA	-6.36085729517	4.7024401089
2006	1991	7	MH-APAPA	-6.60126604533	6.34998684641
2006	1991	8	MH-APVPA	-6.35959389139	3.21867653348
2006	1991	9	MH-project	-6.38584729106	6.61325744195
2006	1991	10	M-Sub-APA	-6.62284116758	2.38645202527	6.11524113428	1.94564446103
2006	1991	11	M-Sub-APPA	-6.69859609542	4.32450575724	2.24657210775	1.68864914298
2006	1991	12	M-Sub-APAPA	-6.66798994764	5.51480093094	1.77947494492	1.78213417561
2006	1991	13	M-Sub-APVPA	-6.6907870075	4.28993627988	1.51227384405	2.18868449146
2006	1991	14	MLTM-S-1-2	-6.65607650209	5.55237395964	1.83265075954
2006	1991	15	MLTM-S-1-3	-6.68746191221	4.34832077847	2.27446196718
2006	1991	16	MLTM-S-1-4	-6.66244288578	5.63192331167	1.90534397612
2006	1991	17	MLTM-S-2-3	-6.60967801017	2.45672141654	6.16257214473
2006	1991	18	MLTM-S-2-4	-6.38156530033	4.64165017087	3.11072007429
2006	1991	19	MLTM-S-3-4	-6.61584881864	6.29434020024	2.12359883736
2006	1991	20	MLTM-M	-6.70113163982	4.27007422692	1.46412446978	2.16335822135	1.58542395435
2007	1991	5	MH-APA	-6.65442099719	5.46325731037
2007	1991	6	MH-APPA	-6.4151233295	5.14082079694
2007	1991	7	MH-APAPA	-6.64486715451	6.33048951661
2007	1991	8	MH-APVPA	-6.40388094287	3.67735528591
2007	1991	9	MH-project	-6.45411880404	9.05032975633
2007	1991	10	M-Sub-APA	-6.68159976956	3.03063076076	6.00140689054	2.52908040571
2007	1991	11	M-Sub-APPA	-6.72659069446	3.56700627425	3.07381346687	2.18297089678
2007	1991	12	M-Sub-APAPA	-6.68459464391	5.21930939367	2.58037540635	2.07192115548
2007	1991	13	M-Sub-APVPA	-6.72145337436	3.46797238665	2.44314833137	3.00361752415
2007	1991	14	MLTM-S-1-2	-6.66885458207	5.26832118962	2.6385647877
2007	1991	15	MLTM-S-1-3	-6.70946861807	3.61493697293	3.0838304658
2007	1991	16	MLTM-S-1-4	-6.67191503671	5.40719122477	2.26841146658
2007	1991	17	MLTM-S-2-3	-6.66111667381	3.09001384081	6.05364774781
2007	1991	18	MLTM-S-2-4	-6.44198523399	5.05294460565	3.46919814445
2007	1991	19	MLTM-S-3-4	-6.66641127397	6.27282269815	2.65800756729
2007	1991	20	MLTM-M	-6.73716179948	3.421645057	2.39131744878	3.00068085546	2.02371626861
2006	2488	5	MH-APA	-8.33220635622	-0.00593612181241
2006	2488	6	MH-APPA	-8.33220738475	-5.34624332899e-05
2006	2488	7	MH-APAPA	-8.33220666754	-0.00495877342427
2006	2488	8	MH-APVPA	-8.33222151984	0.0831575863891
2006	2488	9	MH-project	-8.33222038727	0.077348811191
2006	2488	10	M-Sub-APA	-8.33222080175	-5.34617161661e-05	-0.00496134401251	0.0831577405233
2006	2488	11	M-Sub-APPA	-8.33221977887	-0.00592624308102	-0.00494618804017	0.0831579367666
2006	2488	12	M-Sub-APAPA	-8.33222049023	-0.00593886935604	-5.34617328166e-05	0.0831577839522
2006	2488	13	M-Sub-APVPA	-8.3322056454	-0.00592350801168	-5.34625262569e-05	-0.00494363159134
2006	2488	14	MLTM-S-1-2	-8.33220635614	-0.0059361218129	-5.34624882686e-05
2006	2488	15	MLTM-S-1-3	-8.33220564549	-0.00592350801119	-0.00494363159093
2006	2488	16	MLTM-S-1-4	-8.33222049031	-0.00593886935554	0.0831577839527
2006	2488	17	MLTM-S-2-3	-8.33220666746	-5.34624716286e-05	-0.00495877342468
2006	2488	18	MLTM-S-2-4	-8.33222151976	-5.34616777895e-05	0.0831575863886
2006	2488	19	MLTM-S-3-4	-8.33222080184	-0.00496134401209	0.0831577405238
2006	2488	20	MLTM-M	-8.33221977878	-0.00592624308151	-5.34617708422e-05	-0.00494618804058	0.0831579367662
2007	2488	5	MH-APA	-7.5669345023	5.11425313793
2007	2488	6	MH-APPA	-7.54692811402	0.0289111644147
2007	2488	7	MH-APAPA	-7.55183489952	3.95308069117
2007	2488	8	MH-APVPA	-7.54714883312	0.365436300989
2007	2488	9	MH-project	-7.54730849364	0.609133664022
2007	2488	10	M-Sub-APA	-7.55207190641	0.0268593364302	3.95258859401	0.362721631376
2007	2488	11	M-Sub-APPA	-7.58214629225	4.2451416119	2.6769458255	0.348802341093
2007	2488	12	M-Sub-APAPA	-7.5671768365	5.11313918192	0.0249893152389	0.356186430917
2007	2488	13	M-Sub-APVPA	-7.58191200272	4.24613659615	0.0230513558153	2.67783953047
2007	2488	14	MLTM-S-1-2	-7.56693861726	5.11423632875	0.0250163952419
2007	2488	15	MLTM-S-1-3	-7.58190790005	4.24614717827	2.67785239783
2007	2488	16	MLTM-S-1-4	-7.56717272043	5.11315601959	0.356188333998
2007	2488	17	MLTM-S-2-3	-7.55183897371	0.0268793977703	3.95306298152
2007	2488	18	MLTM-S-2-4	-7.54715258435	0.0288959846205	0.365435098838
2007	2488	19	MLTM-S-3-4	-7.55206783015	3.95260632729	0.362723119347
2007	2488	20	MLTM-M	-7.5821503948	4.24513101331	0.0230216282948	2.6769329604	0.348800375491
2008	2488	5	MH-APA	-6.80299315331	6.6973748109
2008	2488	6	MH-APPA	-6.56570814615	1.2327880863
2008	2488	7	MH-APAPA	-6.74028274681	7.05330164046
2008	2488	8	MH-APVPA	-6.58700340815	7.02064734996
2008	2488	9	MH-project	-6.59091236658	8.02384352856
2008	2488	10	M-Sub-APA	-6.76010793466	1.12240786935	6.82465974143	5.71595951871
2008	2488	11	M-Sub-APPA	-6.8405015739	5.24291123453	2.11161624777	5.01412732512
2008	2488	12	M-Sub-APAPA	-6.82045233325	6.49914580587	0.797313815489	5.17304431137
2008	2488	13	M-Sub-APVPA	-6.82471432096	5.36005293225	0.806537873298	2.21707424589
2008	2488	14	MLTM-S-1-2	-6.80326855181	6.69064564584	0.773690646555
2008	2488	15	MLTM-S-1-3	-6.82440524192	5.36911779048	2.21359219162
2008	2488	16	MLTM-S-1-4	-6.8201544938	6.50611482318	5.1692747687
2008	2488	17	MLTM-S-2-3	-6.74077016269	1.11376029698	7.0495236444
2008	2488	18	MLTM-S-2-4	-6.58736567271	1.23068278431	7.02029893764
2008	2488	19	MLTM-S-3-4	-6.75961480298	6.82818442045	5.71445592033
2008	2488	20	MLTM-M	-6.84083403532	5.23362385694	0.829434836279	2.11516662116	5.01798452378
2009	2488	5	MH-APA	-6.81888497077	6.61502665936
2009	2488	6	MH-APPA	-6.4563415352	1.92531566968
2009	2488	7	MH-APAPA	-6.74666238955	7.43440030588
2009	2488	8	MH-APVPA	-6.55514217569	12.6932022101
2009	2488	9	MH-project	-6.5762670444	13.9784446767
2009	2488	10	M-Sub-APA	-6.81415189302	0.720341881452	6.71853965574	8.40585505777
2009	2488	11	M-Sub-APPA	-6.92018927363	4.89262371147	2.3406523437	7.0276349572
2009	2488	12	M-Sub-APAPA	-6.88047069324	6.11311338667	0.802327502599	7.58750682562
2009	2488	13	M-Sub-APVPA	-6.86714217363	5.17932797057	0.461631054383	2.66547067415
2009	2488	14	MLTM-S-1-2	-6.8196110539	6.60561470473	0.764648613771
2009	2488	15	MLTM-S-1-3	-6.86692975624	5.1786559687	2.67722758873
2009	2488	16	MLTM-S-1-4	-6.8796596008	6.12326767078	7.58246169783
2009	2488	17	MLTM-S-2-3	-6.74687058318	0.599216695287	7.42426104396
2009	2488	18	MLTM-S-2-4	-6.55662994197	1.88635505061	12.6885502763
2009	2488	19	MLTM-S-3-4	-6.81382879839	6.73361958653	8.39097324379
2009	2488	20	MLTM-M	-6.92051174886	4.89208160991	0.554292544367	2.32742314487	7.03722797559
2002	2677	5	MH-APA	-7.64154546611	4.01801612522
2002	2677	6	MH-APPA	-7.63303690324	1.27811434607
2002	2677	7	MH-APAPA	-7.63717980867	3.38935944332
2002	2677	8	MH-APVPA	-7.6327027656	0.287240991126
2002	2677	9	MH-project	-7.6330176357	0.948387515014
2002	2677	10	M-Sub-APA	-7.63792904573	1.27279071389	3.38567020779	0.283494721078
2002	2677	11	M-Sub-APPA	-7.66187869357	3.46605024361	2.86823217293	0.246403534172
2002	2677	12	M-Sub-APAPA	-7.64255962589	4.00435275318	1.26327239984	0.273596573064
2002	2677	13	M-Sub-APVPA	-7.66275229524	3.45292221025	1.23793398104	2.85962494038
2002	2677	14	MLTM-S-1-2	-7.64236948461	4.00700936121	1.26335092628
2002	2677	15	MLTM-S-1-3	-7.66165504731	3.47024833183	2.87083923848
2002	2677	16	MLTM-S-1-4	-7.64173434193	4.01537345878	0.273939462281
2002	2677	17	MLTM-S-2-3	-7.63778454203	1.27284520282	3.38629406748
2002	2677	18	MLTM-S-2-4	-7.63315816601	1.27807977977	0.287100382037
2002	2677	19	MLTM-S-3-4	-7.63732285354	3.38874935775	0.28372213109
2002	2677	20	MLTM-M	-7.66297571953	3.44875972138	1.23787429103	2.85702725964	0.246119230229
2003	2677	5	MH-APA	-7.50134820081	7.03387877615
2003	2677	6	MH-APPA	-7.35307225481	7.56763909932
2003	2677	7	MH-APAPA	-7.4476833503	7.37274356519
2003	2677	8	MH-APVPA	-7.33132605523	1.447186815
2003	2677	9	MH-project	-7.33745863391	4.35736945324
2003	2677	10	M-Sub-APA	-7.50684717674	5.61364960979	6.21592376493	0.97291697308
2003	2677	11	M-Sub-APPA	-7.58068294258	4.89907833798	3.83201871991	0.692532508035
2003	2677	12	M-Sub-APAPA	-7.54058868631	5.79302277204	4.51444264219	0.715146552356
2003	2677	13	M-Sub-APVPA	-7.60573159894	4.10961933839	3.9823608468	3.45011580946
2003	2677	14	MLTM-S-1-2	-7.5386785129	5.83367452415	4.5280086464
2003	2677	15	MLTM-S-1-3	-7.57886627034	4.93516406967	3.84522984546
2003	2677	16	MLTM-S-1-4	-7.50344639606	6.98256762404	0.797559756426
2003	2677	17	MLTM-S-2-3	-7.50373803707	5.64855564509	6.26291359329
2003	2677	18	MLTM-S-2-4	-7.35593499711	7.54112393112	1.3881770416
2003	2677	19	MLTM-S-3-4	-7.4509641391	7.32320683754	1.17987126302
2003	2677	20	MLTM-M	-7.60733292362	4.08262967371	3.9702199085	3.43692429473	0.611967851159
2004	2677	5	MH-APA	-7.24043002103	6.04677354403
2004	2677	6	MH-APPA	-7.13434615156	4.74365625039
2004	2677	7	MH-APAPA	-7.231928969	6.53908615765
2004	2677	8	MH-APVPA	-7.12798736291	2.78590261879
2004	2677	9	MH-project	-7.13681294448	4.85940441028
2004	2677	10	M-Sub-APA	-7.2623868678	2.70069780838	5.83945512697	2.19934196183
2004	2677	11	M-Sub-APPA	-7.30610776939	3.7403943286	3.51192825006	1.97817487265
2004	2677	12	M-Sub-APAPA	-7.26406383954	5.37929349083	2.26045442465	2.06790516333
2004	2677	13	M-Sub-APVPA	-7.30993783612	3.5351244823	1.75457079359	3.38494894057
2004	2677	14	MLTM-S-1-2	-7.25685408052	5.51380843345	2.31358293734
2004	2677	15	MLTM-S-1-3	-7.29879268138	3.83527149434	3.57009593792
2004	2677	16	MLTM-S-1-4	-7.24785868837	5.89639065191	2.1316060999
2004	2677	17	MLTM-S-2-3	-7.25362297963	2.77640518606	5.96760748398
2004	2677	18	MLTM-S-2-4	-7.14191081418	4.6881859448	2.7299199505
2004	2677	19	MLTM-S-3-4	-7.24109306657	6.39742722168	2.29843836785
2004	2677	20	MLTM-M	-7.31690537829	3.45085766638	1.70592835078	3.33211323598	1.92882433121
2005	2677	5	MH-APA	-7.03098513595	6.62489387673
2005	2677	6	MH-APPA	-6.88902229759	6.71425170438
2005	2677	7	MH-APAPA	-7.02253331552	7.08119832944
2005	2677	8	MH-APVPA	-6.834116898	3.65791504258
2005	2677	9	MH-project	-6.85541760014	6.91615659783
2005	2677	10	M-Sub-APA	-7.07898348398	3.6953251622	6.07368785015	2.45140238867
2005	2677	11	M-Sub-APPA	-7.10372350805	4.26012907465	3.49950799214	2.28852656037
2005	2677	12	M-Sub-APAPA	-7.08138702456	5.74016258567	3.61155559383	2.19578452274
2005	2677	13	M-Sub-APVPA	-7.12002478281	3.966583338	3.03022658582	3.09479701519
2005	2677	14	MLTM-S-1-2	-7.07052838726	5.84609164198	3.69707034074
2005	2677	15	MLTM-S-1-3	-7.09224873764	4.35474318769	3.54548473564
2005	2677	16	MLTM-S-1-4	-7.04301563282	6.49390760949	2.45462050896
2005	2677	17	MLTM-S-2-3	-7.06619872224	3.79904135141	6.17450665539
2005	2677	18	MLTM-S-2-4	-6.90548134342	6.56597283263	3.25515712726
2005	2677	19	MLTM-S-3-4	-7.03701748581	6.95239792271	2.77923571078
2005	2677	20	MLTM-M	-7.13022837676	3.8916825437	2.9522782797	3.05993153209	2.06844021757
2006	2677	5	MH-APA	-6.81929247589	6.19747379464
2006	2677	6	MH-APPA	-6.64700639625	6.40408575563
2006	2677	7	MH-APAPA	-6.84959599542	7.34820791236
2006	2677	8	MH-APVPA	-6.62114976326	5.00614731561
2006	2677	9	MH-project	-6.66809581893	9.28514201683
2006	2677	10	M-Sub-APA	-6.89541729314	3.16017575665	6.64686840988	3.04128804678
2006	2677	11	M-Sub-APPA	-6.91499021521	3.43462957191	4.17619545183	2.83319427088
2006	2677	12	M-Sub-APAPA	-6.85544382207	5.5753530157	2.79957534986	2.61977246297
2006	2677	13	M-Sub-APVPA	-6.91124904613	3.24290277713	2.45622265463	4.07258130743
2006	2677	14	MLTM-S-1-2	-6.83995357589	5.72575160921	2.917371777
2006	2677	15	MLTM-S-1-3	-6.89631868008	3.58066267323	4.20953588112
2006	2677	16	MLTM-S-1-4	-6.83674468199	6.01482573131	2.89812105342
2006	2677	17	MLTM-S-2-3	-6.87446452477	3.31685966508	6.79197583168
2006	2677	18	MLTM-S-2-4	-6.6756419225	6.15261844232	4.51899459199
2006	2677	19	MLTM-S-3-4	-6.8731404629	7.17061235204	3.35456337117
2006	2677	20	MLTM-M	-6.92816793625	3.11583928481	2.33471657202	4.05398016773	2.60990526238
2007	2677	5	MH-APA	-6.57120063933	5.65630180637
2007	2677	6	MH-APPA	-6.40886902269	7.53722334907
2007	2677	7	MH-APAPA	-6.57995535797	6.44857802016
2007	2677	8	MH-APVPA	-6.42692464764	9.18521672816
2007	2677	9	MH-project	-6.49190734096	11.6251762369
2007	2677	10	M-Sub-APA	-6.67139392544	4.24173135116	5.54007595953	6.51382458414
2007	2677	11	M-Sub-APPA	-6.67850673955	3.29980263628	3.22555910481	5.92752872557
2007	2677	12	M-Sub-APAPA	-6.65106616568	4.81048237102	4.10054479262	6.04168444207
2007	2677	13	M-Sub-APVPA	-6.64600723288	3.3313373002	3.63932353738	3.12099244579
2007	2677	14	MLTM-S-1-2	-6.59803932497	5.20706218814	4.21581618891
2007	2677	15	MLTM-S-1-3	-6.62783136412	3.62422404881	3.33961202417
2007	2677	16	MLTM-S-1-4	-6.62305784008	5.24297962313	6.14063023519
2007	2677	17	MLTM-S-2-3	-6.61155990528	4.50089515036	5.91543282504
2007	2677	18	MLTM-S-2-4	-6.48846898848	7.00018395122	8.54384126677
2007	2677	19	MLTM-S-3-4	-6.64155579028	6.03092227975	6.80870311695
2007	2677	20	MLTM-M	-6.69761409699	3.03335546496	3.53740618568	2.99631597686	5.85616306455
2008	2677	5	MH-APA	-6.68484165487	6.08063420836
2008	2677	6	MH-APPA	-6.45501171708	7.60805635469
2008	2677	7	MH-APAPA	-6.74478467839	7.42633342833
2008	2677	8	MH-APVPA	-6.51635261648	11.9486767551
2008	2677	9	MH-project	-6.61351998729	13.6765383231
2008	2677	10	M-Sub-APA	-6.83341219827	2.94065247269	6.20930409249	5.94210211646
2008	2677	11	M-Sub-APPA	-6.85227126804	2.83350341827	4.27712091703	5.48553558427
2008	2677	12	M-Sub-APAPA	-6.77860615762	4.97620596318	3.27443704862	5.83425223666
2008	2677	13	M-Sub-APVPA	-6.80334327997	2.99706739837	2.60960799247	4.25683947903
2008	2677	14	MLTM-S-1-2	-6.7131056427	5.5510336828	3.5377093755
2008	2677	15	MLTM-S-1-3	-6.79428667953	3.23715820615	4.55028768583
2008	2677	16	MLTM-S-1-4	-6.75276273164	5.41806288983	6.23428021786
2008	2677	17	MLTM-S-2-3	-6.76513308851	3.42283928729	6.77533193597
2008	2677	18	MLTM-S-2-4	-6.58852174302	6.2927360235	9.90590640562
2008	2677	19	MLTM-S-3-4	-6.82132296833	6.70937954335	6.51550561327
2008	2677	20	MLTM-M	-6.85853860682	2.66919555633	2.34781183028	3.9855963471	5.20905980792
2009	2677	5	MH-APA	-6.9519341397	6.32270623761
2009	2677	6	MH-APPA	-6.70643942698	7.81447421757
2009	2677	7	MH-APAPA	-6.94602882432	7.10772149102
2009	2677	8	MH-APVPA	-6.67467477412	9.73100284385
2009	2677	9	MH-project	-6.78825621762	12.3491876735
2009	2677	10	M-Sub-APA	-7.02266942753	3.90873862079	5.85711310897	2.65640316196
2009	2677	11	M-Sub-APPA	-7.05219976618	4.02400124312	3.18055923495	2.48473459273
2009	2677	12	M-Sub-APAPA	-7.01197656131	5.29912440891	3.20760692604	2.73558994304
2009	2677	13	M-Sub-APVPA	-7.03992947081	3.67981603575	2.86103324305	3.04297526754
2009	2677	14	MLTM-S-1-2	-6.98097207802	5.56077760889	3.35505167167
2009	2677	15	MLTM-S-1-3	-7.02720571475	4.19470545329	3.33427507479
2009	2677	16	MLTM-S-1-4	-6.98674114002	5.97847359942	3.21124783081
2009	2677	17	MLTM-S-2-3	-6.9936007513	4.1183964581	6.14672522545
2009	2677	18	MLTM-S-2-4	-6.79144379774	6.86939035456	6.52929229223
2009	2677	19	MLTM-S-3-4	-6.98766912419	6.66000203064	3.67552886652
2009	2677	20	MLTM-M	-7.06195943892	3.57183925275	2.76178151588	2.89196323314	2.12411352228
2002	2957	5	MH-APA	-8.43826088457	3.09408927269
2002	2957	6	MH-APPA	-8.43515390712	1.0279892407
2002	2957	7	MH-APAPA	-8.43696173167	2.8496417979
2002	2957	8	MH-APVPA	-8.434454849	0.0849778836543
2002	2957	9	MH-project	-8.43494679081	0.933709597591
2002	2957	10	M-Sub-APA	-8.43796052963	1.02397935923	2.84687990015	0.0842679889409
2002	2957	11	M-Sub-APPA	-8.45223039711	2.90315852179	2.68587298038	0.0806508520644
2002	2957	12	M-Sub-APAPA	-8.43938927788	3.08875675863	1.02121178631	0.0839275201831
2002	2957	13	M-Sub-APVPA	-8.45423426712	2.88404473165	0.992866990704	2.66977781973
2002	2957	14	MLTM-S-1-2	-8.43934055969	3.0888226133	1.0212327939
2002	2957	15	MLTM-S-1-3	-8.45217351881	2.90337078569	2.68604956436
2002	2957	16	MLTM-S-1-4	-8.43830869398	3.09403212011	0.0841613501008
2002	2957	17	MLTM-S-2-3	-8.43791304753	1.02399445841	2.84691417211
2002	2957	18	MLTM-S-2-4	-8.43519888751	1.02797940207	0.0848689315071
2002	2957	19	MLTM-S-3-4	-8.43700852541	2.84961106475	0.0844361387309
2002	2957	20	MLTM-M	-8.45429241838	2.88381380282	0.992813802755	2.66958748862	0.0800328553731
2003	2957	5	MH-APA	-7.95340483133	4.00082516439
2003	2957	6	MH-APPA	-7.94507755243	1.28905565525
2003	2957	7	MH-APAPA	-7.94851520389	3.26856343532
2003	2957	8	MH-APVPA	-7.94393864654	0.22978396437
2003	2957	9	MH-project	-7.94461865876	1.14895211735
2003	2957	10	M-Sub-APA	-7.95050610344	1.26980223232	3.25739629868	0.227373720917
2003	2957	11	M-Sub-APPA	-7.97745437327	3.42156005042	2.65372686415	0.216233234175
2003	2957	12	M-Sub-APAPA	-7.95736816424	3.91953974263	1.1551329445	0.223877653255
2003	2957	13	M-Sub-APVPA	-7.98132901282	3.33246352905	1.04201965984	2.62315481877
2003	2957	14	MLTM-S-1-2	-7.95718916035	3.92032380199	1.15553062134
2003	2957	15	MLTM-S-1-3	-7.97726579579	3.42262785784	2.6545344445
2003	2957	16	MLTM-S-1-4	-7.95357839529	4.00018592977	0.225623205091
2003	2957	17	MLTM-S-2-3	-7.95033982039	1.26994817387	3.25767140277
2003	2957	18	MLTM-S-2-4	-7.94523151885	1.28897755852	0.229401044734
2003	2957	19	MLTM-S-3-4	-7.94867748638	3.26832623482	0.228053999893
2003	2957	20	MLTM-M	-7.98151949103	3.33133169105	1.04153837411	2.62232571747	0.213954360034
2004	2957	5	MH-APA	-7.64171835897	5.07468586673
2004	2957	6	MH-APPA	-7.60681673362	1.94413729721
2004	2957	7	MH-APAPA	-7.62261713712	4.54457761824
2004	2957	8	MH-APVPA	-7.60555274921	0.664983799652
2004	2957	9	MH-project	-7.60762651891	1.92230950425
2004	2957	10	M-Sub-APA	-7.62777326819	1.86639715213	4.49091140666	0.647406808737
2004	2957	11	M-Sub-APPA	-7.68126428851	3.98845609743	3.14738427093	0.580942743429
2004	2957	12	M-Sub-APAPA	-7.64828499648	4.91175126082	1.60206429031	0.611334511231
2004	2957	13	M-Sub-APVPA	-7.6847660747	3.86538237456	1.41713734275	3.08861446703
2004	2957	14	MLTM-S-1-2	-7.64710281459	4.9221191834	1.60714968623
2004	2957	15	MLTM-S-1-3	-7.68014140033	3.99786617664	3.15352803518
2004	2957	16	MLTM-S-1-4	-7.64289540818	5.06529093088	0.623550643149
2004	2957	17	MLTM-S-2-3	-7.62661396332	1.86822323698	4.49512935025
2004	2957	18	MLTM-S-2-4	-7.6078437644	1.94344493227	0.663401304453
2004	2957	19	MLTM-S-3-4	-7.62374452722	4.54090172149	0.651595818845
2004	2957	20	MLTM-M	-7.68587867958	3.85567859435	1.41264621283	3.08279040768	0.570186620723
2005	2957	5	MH-APA	-7.17102330821	6.41116291469
2005	2957	6	MH-APPA	-7.0698413301	4.68984100317
2005	2957	7	MH-APAPA	-7.15434699995	6.56751009611
2005	2957	8	MH-APVPA	-7.06429400991	2.1389871764
2005	2957	9	MH-project	-7.07202286513	4.74895313485
2005	2957	10	M-Sub-APA	-7.17555657403	3.90247570886	6.27697991382	1.94305923946
2005	2957	11	M-Sub-APPA	-7.21885344827	4.19399510927	3.3063770178	1.77346714522
2005	2957	12	M-Sub-APAPA	-7.18848558479	5.9748924113	3.22775476773	1.77605843374
2005	2957	13	M-Sub-APVPA	-7.22620222355	3.92496382745	3.18312753019	3.29452430648
2005	2957	14	MLTM-S-1-2	-7.18345648328	6.03199774224	3.24975181407
2005	2957	15	MLTM-S-1-3	-7.21393229293	4.24075217762	3.31589466442
2005	2957	16	MLTM-S-1-4	-7.17608808457	6.35275032014	1.81646902502
2005	2957	17	MLTM-S-2-3	-7.16980408867	3.92230771702	6.31469633326
2005	2957	18	MLTM-S-2-4	-7.07502489209	4.67968343834	2.12306425101
2005	2957	19	MLTM-S-3-4	-7.15990037944	6.5305341903	1.97624348438
2005	2957	20	MLTM-M	-7.23113338882	3.87798438534	3.16303485068	3.28630558613	1.73827172523
2006	2957	5	MH-APA	-7.16020397123	6.83639330982
2006	2957	6	MH-APPA	-6.9456751297	5.83958370722
2006	2957	7	MH-APAPA	-7.1199388674	7.76810959266
2006	2957	8	MH-APVPA	-6.93483307481	3.73386417235
2006	2957	9	MH-project	-6.96671447097	8.10301995867
2006	2957	10	M-Sub-APA	-7.15114705862	2.80299061161	7.15880043753	2.65776170461
2006	2957	11	M-Sub-APPA	-7.23099720526	4.97435970336	3.33242397854	1.78827422039
2006	2957	12	M-Sub-APAPA	-7.17603884879	6.46439666822	1.47199663943	1.88981219222
2006	2957	13	M-Sub-APVPA	-7.22488429628	4.9536459838	0.95819176279	3.27644989848
2006	2957	14	MLTM-S-1-2	-7.16700824103	6.58407540821	1.49156210762
2006	2957	15	MLTM-S-1-3	-7.22262481754	5.0793336309	3.35582807261
2006	2957	16	MLTM-S-1-4	-7.16928218305	6.71214196546	1.91343164788
2006	2957	17	MLTM-S-2-3	-7.13713947859	2.93238257636	7.29022931241
2006	2957	18	MLTM-S-2-4	-6.9629857786	5.74798710903	3.63340025358
2006	2957	19	MLTM-S-3-4	-7.13547667828	7.61958395656	2.85157295488
2006	2957	20	MLTM-M	-7.23316427794	4.8548911832	0.933842701021	3.25167190326	1.76992533977
2007	2957	5	MH-APA	-7.32111143406	6.45363668038
2007	2957	6	MH-APPA	-7.10940558369	7.08166197598
2007	2957	7	MH-APAPA	-7.28847590663	7.39565382546
2007	2957	8	MH-APVPA	-7.07422344784	3.63694479995
2007	2957	9	MH-project	-7.1045570126	7.80807854655
2007	2957	10	M-Sub-APA	-7.33665034813	4.4460965528	6.67383662679	2.16330081969
2007	2957	11	M-Sub-APPA	-7.39404559962	4.50806311311	3.27899327099	2.09139753355
2007	2957	12	M-Sub-APAPA	-7.35573197936	5.91151414944	3.44065800726	2.23296864473
2007	2957	13	M-Sub-APVPA	-7.39826403368	4.21261934312	3.123321192	3.18242482616
2007	2957	14	MLTM-S-1-2	-7.34287762844	5.99233363552	3.52846308443
2007	2957	15	MLTM-S-1-3	-7.38285198132	4.54446389885	3.36715883624
2007	2957	16	MLTM-S-1-4	-7.33537220418	6.36094868118	2.47365461698
2007	2957	17	MLTM-S-2-3	-7.32451695786	4.53735627037	6.79723127165
2007	2957	18	MLTM-S-2-4	-7.12864877679	6.99496395762	3.46834929021
2007	2957	19	MLTM-S-3-4	-7.30233302409	7.2621099732	2.46735402391
2007	2957	20	MLTM-M	-7.40824980258	4.18584127213	3.05428923239	3.09949819892	1.88360587063
2008	2957	5	MH-APA	-7.13316329014	7.27090363912
2008	2957	6	MH-APPA	-6.913353554	8.66854691225
2008	2957	7	MH-APAPA	-7.10354483901	8.22900369112
2008	2957	8	MH-APVPA	-6.82421576848	4.73709383475
2008	2957	9	MH-project	-6.88355233014	11.439746696
2008	2957	10	M-Sub-APA	-7.17788807452	5.5096831802	7.00985827534	2.57895335081
2008	2957	11	M-Sub-APPA	-7.22114129501	5.063498224	3.6838666809	2.10609832014
2008	2957	12	M-Sub-APAPA	-7.18306793981	6.3005344536	4.47083561587	2.03775317723
2008	2957	13	M-Sub-APVPA	-7.22849740983	4.57292006858	3.95601532672	3.34935009329
2008	2957	14	MLTM-S-1-2	-7.17047758803	6.38859335665	4.54366241008
2008	2957	15	MLTM-S-1-3	-7.20881984086	5.14379621231	3.72609797229
2008	2957	16	MLTM-S-1-4	-7.14822965631	7.15476776313	2.44786082903
2008	2957	17	MLTM-S-2-3	-7.1607272019	5.63134768996	7.10954132905
2008	2957	18	MLTM-S-2-4	-6.94021681354	8.49400740587	4.10394356329
2008	2957	19	MLTM-S-3-4	-7.12597229462	8.08373529542	3.34941963226
2008	2957	20	MLTM-M	-7.23891176344	4.51569139046	3.894840373	3.31073305439	1.76516304076
2009	2957	5	MH-APA	-7.0244891556	6.81573866496
2009	2957	6	MH-APPA	-6.85442113359	9.62597265172
2009	2957	7	MH-APAPA	-7.02988824097	8.09758640263
2009	2957	8	MH-APVPA	-6.75823827428	5.99081469826
2009	2957	9	MH-project	-6.82018713839	12.2125339655
2009	2957	10	M-Sub-APA	-7.13016922851	6.56088289906	6.75090924944	3.57342258414
2009	2957	11	M-Sub-APPA	-7.12833493982	4.33186594783	3.99745560784	3.64427389041
2009	2957	12	M-Sub-APAPA	-7.10394163124	5.60614458022	5.94614315178	3.34716681067
2009	2957	13	M-Sub-APVPA	-7.1470260103	3.59414395747	5.60915267402	3.74615165055
2009	2957	14	MLTM-S-1-2	-7.0809261608	5.7314147158	6.05870855889
2009	2957	15	MLTM-S-1-3	-7.10352898223	4.45204862637	4.04552949369
2009	2957	16	MLTM-S-1-4	-7.05026806542	6.65885750622	3.82938869166
2009	2957	17	MLTM-S-2-3	-7.10530199377	6.7209129215	6.89870510686
2009	2957	18	MLTM-S-2-4	-6.89297045762	9.41377443766	5.35395880129
2009	2957	19	MLTM-S-3-4	-7.06066363048	7.92187320951	4.38280682917
2009	2957	20	MLTM-M	-7.16809875236	3.513760328	5.48241219213	3.68716101375	3.12022339879
2004	3078	5	MH-APA	-8.36181995039	2.30288191259
2004	3078	6	MH-APPA	-8.36044367893	0.0184808705238
2004	3078	7	MH-APAPA	-8.36096800615	1.33122870029
2004	3078	8	MH-APVPA	-8.36047041495	0.100945909405
2004	3078	9	MH-project	-8.36047515299	0.119884568486
2004	3078	10	M-Sub-APA	-8.36099758034	0.018367636379	1.33121014063	0.100802714138
2004	3078	11	M-Sub-APPA	-8.36394870113	2.266174781	1.28526584485	0.100000652642
2004	3078	12	M-Sub-APAPA	-8.36185048153	2.30284534094	0.018224129247	0.100580263196
2004	3078	13	M-Sub-APVPA	-8.36391885764	2.26624118516	0.0180478454347	1.28532780385
2004	3078	14	MLTM-S-1-2	-8.36182122632	2.30287917827	0.0182248774032
2004	3078	15	MLTM-S-1-3	-8.36391747022	2.26624443737	1.28533042188
2004	3078	16	MLTM-S-1-4	-8.36184920512	2.30284807651	0.10058039854
2004	3078	17	MLTM-S-2-3	-8.36096918216	0.0183683156495	1.33122697062
2004	3078	18	MLTM-S-2-4	-8.36047151077	0.0184802617912	0.100945798153
2004	3078	19	MLTM-S-3-4	-8.36099640388	1.33121187129	0.100802837706
2004	3078	20	MLTM-M	-8.36395008906	2.26617152771	0.0180470161114	1.28526322586	0.100000503207
2005	3078	5	MH-APA	-7.87455298352	4.70568554522
2005	3078	6	MH-APPA	-7.85221994142	0.238915853471
2005	3078	7	MH-APAPA	-7.8581634465	3.3951844187
2005	3078	8	MH-APVPA	-7.85243221994	0.351734049713
2005	3078	9	MH-project	-7.85272307911	0.759633121791
2005	3078	10	M-Sub-APA	-7.85847964174	0.235697134684	3.3944430245	0.349616318974
2005	3078	11	M-Sub-APPA	-7.89610585139	4.03373014602	2.41567140296	0.334492876628
2005	3078	12	M-Sub-APAPA	-7.87489290934	4.70396648537	0.233951004008	0.342754428507
2005	3078	13	M-Sub-APVPA	-7.89588977126	4.03491213246	0.227654091957	2.41617356602
2005	3078	14	MLTM-S-1-2	-7.87460933977	4.70536110061	0.233976590952
2005	3078	15	MLTM-S-1-3	-7.89582040948	4.03522574325	2.41667558275
2005	3078	16	MLTM-S-1-4	-7.87483646377	4.70429127902	0.342771641623
2005	3078	17	MLTM-S-2-3	-7.8582160071	0.235721762011	3.3948345388
2005	3078	18	MLTM-S-2-4	-7.85247077276	0.238899904312	0.351723391711
2005	3078	19	MLTM-S-3-4	-7.85842698188	3.39479373253	0.34963266883
2005	3078	20	MLTM-M	-7.89617530028	4.03341649782	0.227621851173	2.41516884999	0.334471225146
2006	3078	5	MH-APA	-7.80085242271	5.8043393197
2006	3078	6	MH-APPA	-7.71616582737	0.568768982159
2006	3078	7	MH-APAPA	-7.76208900271	5.90322925546
2006	3078	8	MH-APVPA	-7.71716644288	0.890577419819
2006	3078	9	MH-project	-7.71760232803	1.20084964439
2006	3078	10	M-Sub-APA	-7.76401695422	0.506001073448	5.88042519675	0.819867483441
2006	3078	11	M-Sub-APPA	-7.84613244065	4.23366522304	3.24775308489	0.66793040428
2006	3078	12	M-Sub-APAPA	-7.8026290727	5.77665077864	0.438883782385	0.732400496376
2006	3078	13	M-Sub-APVPA	-7.84534274375	4.24192051873	0.386065821285	3.25375105741
2006	3078	14	MLTM-S-1-2	-7.80126931927	5.79647874161	0.43933239891
2006	3078	15	MLTM-S-1-3	-7.84492294702	4.24780828578	3.25685240077
2006	3078	16	MLTM-S-1-4	-7.80221246634	5.78449397204	0.732626579552
2006	3078	17	MLTM-S-2-3	-7.76253110043	0.506219925716	5.89681411888
2006	3078	18	MLTM-S-2-4	-7.71734964355	0.5686433717	0.890504753426
2006	3078	19	MLTM-S-3-4	-7.76357471329	5.88681284021	0.819972330843
2006	3078	20	MLTM-M	-7.84655175421	4.22777728027	0.385937038728	3.24467193749	0.667894037842
2007	3078	5	MH-APA	-7.26271080296	6.45541473222
2007	3078	6	MH-APPA	-7.08704906636	2.21474923497
2007	3078	7	MH-APAPA	-7.20749492159	7.29324410695
2007	3078	8	MH-APVPA	-7.09108458362	2.29774737001
2007	3078	9	MH-project	-7.092425373	2.74136513746
2007	3078	10	M-Sub-APA	-7.21604193796	1.75470941569	7.20033431387	1.90183087766
2007	3078	11	M-Sub-APPA	-7.3007642194	4.89993788262	2.903337335	1.68143468146
2007	3078	12	M-Sub-APAPA	-7.26799017448	6.40788385295	0.0722340493002	1.83501925638
2007	3078	13	M-Sub-APVPA	-7.29733945473	4.84372828873	0.521404914894	3.00036729643
2007	3078	14	MLTM-S-1-2	-7.2627476564	6.44887429565	0.0611435750421
2007	3078	15	MLTM-S-1-3	-7.29618586971	4.92137952385	2.94021148739
2007	3078	16	MLTM-S-1-4	-7.26794402164	6.41558328508	1.83403255666
2007	3078	17	MLTM-S-2-3	-7.21060993361	1.76146861001	7.26184382758
2007	3078	18	MLTM-S-2-4	-7.09271991923	2.21122586128	2.29566352932
2007	3078	19	MLTM-S-3-4	-7.21292414787	7.23167700137	1.90620315483
2007	3078	20	MLTM-M	-7.30193296653	4.82207427455	0.525252989284	2.9634707838	1.68377933865
2008	3078	5	MH-APA	-7.26594977827	7.24377035822
2008	3078	6	MH-APPA	-6.89638781595	5.10407997185
2008	3078	7	MH-APAPA	-7.2087564759	8.26796472977
2008	3078	8	MH-APVPA	-6.90238401811	5.32923868909
2008	3078	9	MH-project	-6.91112330633	6.98572131491
2008	3078	10	M-Sub-APA	-7.2392084289	3.17972355319	8.0060171581	3.85452330901
2008	3078	11	M-Sub-APPA	-7.3627825602	4.99837165521	3.88247130991	3.36828657339
2008	3078	12	M-Sub-APAPA	-7.28459635489	7.05709225198	0.982204243725	3.67103121497
2008	3078	13	M-Sub-APVPA	-7.35246707774	4.89468372718	1.51337183008	4.03231673251
2008	3078	14	MLTM-S-1-2	-7.26762170249	7.16403386424	0.936500390919
2008	3078	15	MLTM-S-1-3	-7.34737494275	5.06261915156	3.93557831731
2008	3078	16	MLTM-S-1-4	-7.28270152158	7.14169141678	3.63578362858
2008	3078	17	MLTM-S-2-3	-7.22083979522	3.16852050444	8.13822963508
2008	3078	18	MLTM-S-2-4	-6.91881110119	5.04613916081	5.28899994995
2008	3078	19	MLTM-S-3-4	-7.22680587416	8.13538825832	3.82637595808
2008	3078	20	MLTM-M	-7.36811222782	4.82821486144	1.54437020147	3.9781231464	3.40689062099
2009	3078	5	MH-APA	-7.35223301129	6.74411295452
2009	3078	6	MH-APPA	-6.98289710761	4.79193983292
2009	3078	7	MH-APAPA	-7.2818735126	7.73993632212
2009	3078	8	MH-APVPA	-6.98487562354	4.41167636958
2009	3078	9	MH-project	-6.99331989619	5.84084632864
2009	3078	10	M-Sub-APA	-7.30432462434	1.93647118624	7.45488173719	2.90809052152
2009	3078	11	M-Sub-APPA	-7.42128390891	4.82488813905	3.25665934064	2.26376550898
2009	3078	12	M-Sub-APAPA	-7.36984896091	6.56571108833	1.25550592092	2.60618503147
2009	3078	13	M-Sub-APVPA	-7.40912894319	4.83495503574	0.867253898058	3.25354401677
2009	3078	14	MLTM-S-1-2	-7.35503314674	6.65269522	1.23069598514
2009	3078	15	MLTM-S-1-3	-7.40894510839	4.87456960252	3.302753846
2009	3078	16	MLTM-S-1-4	-7.36671496869	6.65998638441	2.56616090848
2009	3078	17	MLTM-S-2-3	-7.28777441519	1.91580967097	7.5674573768
2009	3078	18	MLTM-S-2-4	-7.0061319082	4.71322410512	4.32461369496
2009	3078	19	MLTM-S-3-4	-7.29805643171	7.62933853166	2.86945350905
2009	3078	20	MLTM-M	-7.42169672032	4.78293850744	0.898540187406	3.20478377671	2.30176479444
2004	335	5	MH-APA	-6.55482676272	6.51237703024
2004	335	6	MH-APPA	-6.42475011929	7.74130647247
2004	335	7	MH-APAPA	-6.51155825807	7.19902082324
2004	335	8	MH-APVPA	-6.33864718618	3.15671953796
2004	335	9	MH-project	-6.36207499274	7.34656636694
2004	335	10	M-Sub-APA	-6.56830689405	4.95395212347	6.06404061427	0.786334574029
2004	335	11	M-Sub-APPA	-6.60332463562	4.68688256066	3.14411303252	0.849871992518
2004	335	12	M-Sub-APAPA	-6.57729684574	5.66200435696	3.10661014312	0.559577117056
2004	335	13	M-Sub-APVPA	-6.61818123102	3.93908352592	2.99173149696	3.13988196407
2004	335	14	MLTM-S-1-2	-6.57545115464	5.68606333657	3.1508082319
2004	335	15	MLTM-S-1-3	-6.60055995472	4.73662259647	3.15450041324
2004	335	16	MLTM-S-1-4	-6.55820854699	6.45148355777	0.993099649801
2004	335	17	MLTM-S-2-3	-6.56549659656	5.040900082	6.0913173148
2004	335	18	MLTM-S-2-4	-6.43193575078	7.54049399364	1.66631523395
2004	335	19	MLTM-S-3-4	-6.51949317948	7.10321324436	1.92563503001
2004	335	20	MLTM-M	-6.6192199794	3.92831979059	2.96007407668	3.13115727465	0.361359153881
2005	335	5	MH-APA	-5.89091817913	6.20483374468
2005	335	6	MH-APPA	-5.78620930104	7.98051443294
2005	335	7	MH-APAPA	-5.86819840334	6.79970813454
2005	335	8	MH-APVPA	-5.7032391383	8.79075536013
2005	335	9	MH-project	-5.76036010643	10.1892946587
2005	335	10	M-Sub-APA	-5.93598141331	4.31021762168	5.11602958292	2.13447835581
2005	335	11	M-Sub-APPA	-5.93936985699	4.36724424869	2.47001740278	1.81773307698
2005	335	12	M-Sub-APAPA	-5.92995206123	4.99653032067	3.50534038441	0.896716903528
2005	335	13	M-Sub-APVPA	-5.95368985605	3.87337489347	3.28205999276	2.12082654355
2005	335	14	MLTM-S-1-2	-5.92609848446	5.11022910211	3.6191438795
2005	335	15	MLTM-S-1-3	-5.93056945288	4.66828783784	2.4700260536
2005	335	16	MLTM-S-1-4	-5.90058989088	5.88795989193	1.94798088612
2005	335	17	MLTM-S-2-3	-5.9244143744	4.73554608614	5.29664435776
2005	335	18	MLTM-S-2-4	-5.81737182837	6.89318846722	4.20629851027
2005	335	19	MLTM-S-3-4	-5.89923473037	6.1598833912	4.09883514585
2005	335	20	MLTM-M	-5.95751030522	3.76499803636	3.16765338052	2.12304485794	0.882253022974
2006	335	5	MH-APA	-5.41772588449	5.63502633014
2006	335	6	MH-APPA	-5.27600889968	7.2299396764
2006	335	7	MH-APAPA	-5.43868387506	6.44930833895
2006	335	8	MH-APVPA	-5.29527381793	9.75164784849
2006	335	9	MH-project	-5.39327827394	10.9754874281
2006	335	10	M-Sub-APA	-5.53657566464	3.39354882759	4.95209343888	3.02608141132
2006	335	11	M-Sub-APPA	-5.54456608331	3.41904831738	2.69044311982	3.74721180806
2006	335	12	M-Sub-APAPA	-5.5026031161	4.40692924351	2.76532090228	3.14004231442
2006	335	13	M-Sub-APVPA	-5.50783613831	3.03635182044	2.86435034132	2.71456960387
2006	335	14	MLTM-S-1-2	-5.45428437958	4.70318571407	3.21005388056
2006	335	15	MLTM-S-1-3	-5.48600772525	3.77839405455	2.91656426178
2006	335	16	MLTM-S-1-4	-5.49211976275	5.05484862562	4.41735529288
2006	335	17	MLTM-S-2-3	-5.49234811031	3.91626045889	5.26112062385
2006	335	18	MLTM-S-2-4	-5.38424123647	5.81191174644	5.87633302979
2006	335	19	MLTM-S-3-4	-5.52334793566	5.73302900887	4.9127116148
2006	335	20	MLTM-M	-5.54828897136	2.8849715832	2.47173144326	2.56003726205	2.7391978124
2007	335	5	MH-APA	-5.14382273503	5.39273507823
2007	335	6	MH-APPA	-4.86663977755	6.75322779139
2007	335	7	MH-APAPA	-5.14013866319	5.93572860725
2007	335	8	MH-APVPA	-5.02158313807	9.47185264153
2007	335	9	MH-project	-5.14209916905	10.2969669472
2007	335	10	M-Sub-APA	-5.28042525004	2.96690950961	4.69988853405	3.16270720795
2007	335	11	M-Sub-APPA	-5.26910628694	3.7645828662	1.79538135274	2.69892353821
2007	335	12	M-Sub-APAPA	-5.22971687286	4.55601246404	2.62054400848	1.65953176164
2007	335	13	M-Sub-APVPA	-5.22681800324	3.850329437	2.63369063322	1.47766140145
2007	335	14	MLTM-S-1-2	-5.18982750981	4.78211524182	2.84531395453
2007	335	15	MLTM-S-1-3	-5.19843644618	4.18984794334	1.83341676762
2007	335	16	MLTM-S-1-4	-5.21889885058	4.92283750754	2.8555386926
2007	335	17	MLTM-S-2-3	-5.19797927553	3.56054250943	5.0755742446
2007	335	18	MLTM-S-2-4	-5.08108276135	5.08404714115	6.49423297176
2007	335	19	MLTM-S-3-4	-5.28306330441	5.16180181232	4.7287657645
2007	335	20	MLTM-M	-5.2682806359	3.62019862526	2.40182520199	1.48392345499	1.67821394927
2008	335	5	MH-APA	-5.08566704706	5.16269772927
2008	335	6	MH-APPA	-4.72390015609	5.6945877007
2008	335	7	MH-APAPA	-5.09686866407	5.66613299988
2008	335	8	MH-APVPA	-4.96515226334	9.03599039288
2008	335	9	MH-project	-5.12639849084	10.1914057134
2008	335	10	M-Sub-APA	-5.25968741152	2.47102769248	4.5672164662	2.77622318018
2008	335	11	M-Sub-APPA	-5.27590981001	3.69800391173	1.58072211273	3.00543218008
2008	335	12	M-Sub-APAPA	-5.21071867482	4.36832451005	1.87371170706	2.21665222187
2008	335	13	M-Sub-APVPA	-5.19057105203	3.63321085838	2.04760389868	1.58818235406
2008	335	14	MLTM-S-1-2	-5.12786404166	4.61646187806	2.21269423264
2008	335	15	MLTM-S-1-3	-5.1628173291	4.02777741908	1.77535343024
2008	335	16	MLTM-S-1-4	-5.22311481777	4.6533662481	3.39892322497
2008	335	17	MLTM-S-2-3	-5.15920717594	2.98199952815	4.89110152561
2008	335	18	MLTM-S-2-4	-4.98613181627	4.23910592674	5.82653678165
2008	335	19	MLTM-S-3-4	-5.28234464757	4.92201967337	4.51288745584
2008	335	20	MLTM-M	-5.25822546009	3.49093367727	1.75501123628	1.47517621999	1.91999218774
2009	335	5	MH-APA	-5.065345413	4.85763183758
2009	335	6	MH-APPA	-4.75910912491	5.79633841901
2009	335	7	MH-APAPA	-5.12218933309	5.46645971667
2009	335	8	MH-APVPA	-4.99536311192	8.5273117585
2009	335	9	MH-project	-5.16104070668	9.45394401432
2009	335	10	M-Sub-APA	-5.31099838874	2.69492128233	4.12280873699	2.48473837407
2009	335	11	M-Sub-APPA	-5.28936519475	3.22238637459	1.90751445786	2.3806950319
2009	335	12	M-Sub-APAPA	-5.18551772297	3.90478187955	2.08326295178	1.57986021625
2009	335	13	M-Sub-APVPA	-5.20888513737	2.99538617417	2.13622035436	1.85550124765
2009	335	14	MLTM-S-1-2	-5.11396541126	4.12185749423	2.30515241123
2009	335	15	MLTM-S-1-3	-5.17835176763	3.59910366748	2.00580764781
2009	335	16	MLTM-S-1-4	-5.19375801171	4.37382672064	2.65461079487
2009	335	17	MLTM-S-2-3	-5.19507936119	3.14664737784	4.44429063165
2009	335	18	MLTM-S-2-4	-5.04245021108	4.48163108729	4.99520343594
2009	335	19	MLTM-S-3-4	-5.34043482721	4.67919388596	4.20255097769
2009	335	20	MLTM-M	-5.27064060901	2.8328314892	1.9407433922	1.80710221467	1.39498216437
1999	611	5	MH-APA	-6.76542687504	5.67723998472
1999	611	6	MH-APPA	-6.60096662088	1.96206007544
1999	611	7	MH-APAPA	-6.68603631479	5.77369500157
1999	611	8	MH-APVPA	-6.63351248635	4.47505534732
1999	611	9	MH-project	-6.64984196997	5.23511362513
1999	611	10	M-Sub-APA	-6.70935043503	1.86006784924	5.26814013402	3.02572261792
1999	611	11	M-Sub-APPA	-6.80639309172	4.204023989	2.56138877414	1.42419703388
1999	611	12	M-Sub-APAPA	-6.77511688423	5.37073442328	1.83787359385	0.950756805129
1999	611	13	M-Sub-APVPA	-6.79601521285	4.61864708479	1.71246167731	2.37765886579
1999	611	14	MLTM-S-1-2	-6.76778011866	5.66228542676	1.81930891454
1999	611	15	MLTM-S-1-3	-6.79356554986	4.63040094469	2.40449460941
1999	611	16	MLTM-S-1-4	-6.7727352819	5.38876660283	0.936866650031
1999	611	17	MLTM-S-2-3	-6.68826170427	1.8377952402	5.74824312701
1999	611	18	MLTM-S-2-4	-6.63497565268	1.95928338254	4.47496590537
1999	611	19	MLTM-S-3-4	-6.70706123769	5.29427946227	3.01939332519
1999	611	20	MLTM-M	-6.80890984697	4.18860610051	1.73780287652	2.53702594134	1.43846556422
2000	611	5	MH-APA	-6.11748078839	5.35329449967
2000	611	6	MH-APPA	-5.94113179558	3.77195331793
2000	611	7	MH-APAPA	-6.05464563994	5.45523944742
2000	611	8	MH-APVPA	-6.00728017302	5.73796956696
2000	611	9	MH-project	-6.02073195495	6.22925174878
2000	611	10	M-Sub-APA	-6.11148187006	3.1817788325	4.79547176919	4.33887860284
2000	611	11	M-Sub-APPA	-6.15456492596	3.6069439498	2.39855173164	1.98088258998
2000	611	12	M-Sub-APAPA	-6.13380029317	4.81341129037	3.125849713	1.61130102659
2000	611	13	M-Sub-APVPA	-6.14707808392	4.25644594778	2.86308448573	2.09095327921
2000	611	14	MLTM-S-1-2	-6.124571553	5.28270828086	3.07746048665
2000	611	15	MLTM-S-1-3	-6.14114283637	4.29935716613	2.15557666651
2000	611	16	MLTM-S-1-4	-6.12652385072	4.89530591855	1.57564643331
2000	611	17	MLTM-S-2-3	-6.06194570689	3.29574180208	5.37357400136
2000	611	18	MLTM-S-2-4	-6.01430989799	3.72913415926	5.73176048344
2000	611	19	MLTM-S-3-4	-6.10487592466	4.87536355833	4.35303155466
2000	611	20	MLTM-M	-6.16073770661	3.55643191222	2.90728929434	2.33890340077	2.00988758595
2001	611	5	MH-APA	-5.75234211695	4.83120857328
2001	611	6	MH-APPA	-5.56693605307	5.18684079608
2001	611	7	MH-APAPA	-5.73163768329	5.62412239837
2001	611	8	MH-APVPA	-5.62684135781	7.21095641534
2001	611	9	MH-project	-5.66822192138	8.62384935413
2001	611	10	M-Sub-APA	-5.81304363375	3.02356470232	4.5387138003	4.15937813444
2001	611	11	M-Sub-APPA	-5.82636085883	2.70045371967	2.84540083586	3.07085353472
2001	611	12	M-Sub-APAPA	-5.80788501305	3.95696726803	3.1208460221	3.03541386743
2001	611	13	M-Sub-APVPA	-5.8157198581	3.02798058583	2.78790337816	2.66741069787
2001	611	14	MLTM-S-1-2	-5.77955936464	4.47722053876	3.25446206087
2001	611	15	MLTM-S-1-3	-5.79696634306	3.25567740249	2.87265530408
2001	611	16	MLTM-S-1-4	-5.78331790966	4.26728394592	3.24704198212
2001	611	17	MLTM-S-2-3	-5.7617043208	3.40693287307	5.15764099169
2001	611	18	MLTM-S-2-4	-5.67738623722	4.53724504854	6.5552141307
2001	611	19	MLTM-S-3-4	-5.79132057706	4.90696506488	4.62746505836
2001	611	20	MLTM-M	-5.84276372651	2.50955880786	2.65282035749	2.6493392975	2.90043454871
2002	611	5	MH-APA	-5.93494072553	5.08806039646
2002	611	6	MH-APPA	-5.62838254468	5.5803022113
2002	611	7	MH-APAPA	-5.84846791537	5.32489623678
2002	611	8	MH-APVPA	-5.67368318385	7.09860509037
2002	611	9	MH-project	-5.7432294997	8.63101680398
2002	611	10	M-Sub-APA	-5.9286337809	2.15787399167	4.40801055172	3.04588560077
2002	611	11	M-Sub-APPA	-5.99184104315	3.75545576001	1.66605531019	1.86728054241
2002	611	12	M-Sub-APAPA	-5.96770611885	4.52476451011	1.59966390662	1.44583827855
2002	611	13	M-Sub-APVPA	-5.97640097436	3.84031903452	1.55719966338	1.51510096762
2002	611	14	MLTM-S-1-2	-5.95068106511	4.71523231389	1.83929389774
2002	611	15	MLTM-S-1-3	-5.96691028415	4.07455298272	1.66499096964
2002	611	16	MLTM-S-1-4	-5.96000147151	4.77408890742	1.88168216389
2002	611	17	MLTM-S-2-3	-5.88137798175	2.74376002163	4.74911513201
2002	611	18	MLTM-S-2-4	-5.73280821688	4.4708211925	5.19499319188
2002	611	19	MLTM-S-3-4	-5.91766353635	4.74292086586	3.87843709041
2002	611	20	MLTM-M	-5.99447721399	3.62190260798	1.30210860624	1.54325682897	1.4892362499
2003	611	5	MH-APA	-5.80128126458	5.48963064355
2003	611	6	MH-APPA	-5.37853285339	5.85511905461
2003	611	7	MH-APAPA	-5.75089578556	5.80180606644
2003	611	8	MH-APVPA	-5.51131993951	8.05123239611
2003	611	9	MH-project	-5.63534229108	9.49243422486
2003	611	10	M-Sub-APA	-5.89313733636	2.71272463471	4.6126210169	4.21782180899
2003	611	11	M-Sub-APPA	-5.9142146116	3.50867359451	2.23086649356	2.64360467918
2003	611	12	M-Sub-APAPA	-5.87305926464	4.60860490849	1.92886588215	2.74448497884
2003	611	13	M-Sub-APVPA	-5.87732927265	3.72335672086	1.68397054153	2.1559176205
2003	611	14	MLTM-S-1-2	-5.82087999957	5.14101198953	1.83995193936
2003	611	15	MLTM-S-1-3	-5.86260654753	4.00398605486	2.22119475926
2003	611	16	MLTM-S-1-4	-5.84970174457	5.00365039372	2.64809997652
2003	611	17	MLTM-S-2-3	-5.79096878749	2.83981249956	5.30599230332
2003	611	18	MLTM-S-2-4	-5.64063720045	4.98813837618	7.34934423776
2003	611	19	MLTM-S-3-4	-5.85649118157	5.09149585412	4.34318989611
2003	611	20	MLTM-M	-5.93214720393	3.19031897543	1.76481830715	2.16016176994	2.73368133458
2004	611	5	MH-APA	-6.01115768427	5.30341374267
2004	611	6	MH-APPA	-5.59541472351	6.68716776729
2004	611	7	MH-APAPA	-5.96986533592	5.69742008078
2004	611	8	MH-APVPA	-5.73603552271	8.45626202814
2004	611	9	MH-project	-5.87982888233	9.92938130361
2004	611	10	M-Sub-APA	-6.08844667901	2.82396133601	4.60703036433	3.44737019106
2004	611	11	M-Sub-APPA	-6.10850479185	3.63614506486	1.97883723663	2.0030030044
2004	611	12	M-Sub-APAPA	-6.08365983577	4.52725230808	2.26687666881	2.24470440134
2004	611	13	M-Sub-APVPA	-6.08529920585	3.69498655805	1.92616734483	1.88706437743
2004	611	14	MLTM-S-1-2	-6.03712246588	4.90847561607	2.27214973662
2004	611	15	MLTM-S-1-3	-6.07042166038	3.92386390289	2.06288452074
2004	611	16	MLTM-S-1-4	-6.05608939813	4.92236195271	2.2255894191
2004	611	17	MLTM-S-2-3	-6.00876325936	3.01180347565	5.15274764258
2004	611	18	MLTM-S-2-4	-5.85215273189	5.47139339152	7.31471292287
2004	611	19	MLTM-S-3-4	-6.05755329889	5.0848617961	3.68547687891
2004	611	20	MLTM-M	-6.12506086841	3.41292236877	1.93676002789	1.78970579989	2.03875332248
1999	781	5	MH-APA	-7.15790242686	1.9080617033
1999	781	6	MH-APPA	-7.15389602189	-0.0155981683551
1999	781	7	MH-APAPA	-7.1561419766	1.29313276893
1999	781	8	MH-APVPA	-7.15423802398	0.092537750817
1999	781	9	MH-project	-7.15483410674	0.262961156094
1999	781	10	M-Sub-APA	-7.15646621095	-0.021563924828	1.29319736072	0.0918110474721
1999	781	11	M-Sub-APPA	-7.16211308355	1.83337039665	1.19370466278	0.0886001487092
1999	781	12	M-Sub-APAPA	-7.15822111722	1.90803975028	-0.0244430030618	0.0903921614985
1999	781	13	M-Sub-APVPA	-7.16175795641	1.83398908882	-0.0361733091711	1.19430255553
1999	781	14	MLTM-S-1-2	-7.15788881231	1.9082214362	-0.0244331271609
1999	781	15	MLTM-S-1-3	-7.16178513251	1.83362145535	1.1938699861
1999	781	16	MLTM-S-1-4	-7.15823473219	1.90787991225	0.0903894794242
1999	781	17	MLTM-S-2-3	-7.15613122611	-0.0215548038565	1.29326591324
1999	781	18	MLTM-S-2-4	-7.1542322395	-0.0156048980361	0.0925388833058
1999	781	19	MLTM-S-3-4	-7.1564769624	1.29306410701	0.0918089005078
1999	781	20	MLTM-M	-7.16208591069	1.83373812232	-0.0361842525541	1.19413739148	0.0886046710159
2000	781	5	MH-APA	-6.65350846231	3.40494388945
2000	781	6	MH-APPA	-6.63427874934	1.395761656
2000	781	7	MH-APAPA	-6.65467917052	3.51958964124
2000	781	8	MH-APVPA	-6.63864311894	1.07052767276
2000	781	9	MH-project	-6.64334782069	2.01252306248
2000	781	10	M-Sub-APA	-6.66129790359	1.30468177675	3.4691120804	1.02808020345
2000	781	11	M-Sub-APPA	-6.68203779962	2.49208029663	2.51983277167	0.924459993297
2000	781	12	M-Sub-APAPA	-6.65995097735	3.3417052189	1.32126165884	0.982391356967
2000	781	13	M-Sub-APVPA	-6.67871775987	2.50013702679	1.21044989945	2.50651305783
2000	781	14	MLTM-S-1-2	-6.65480472748	3.37917785103	1.32092144849
2000	781	15	MLTM-S-1-3	-6.67730919299	2.5258744627	2.53663132271
2000	781	16	MLTM-S-1-4	-6.65865817303	3.36694024998	0.981994192027
2000	781	17	MLTM-S-2-3	-6.65606635916	1.30502455923	3.48708384082
2000	781	18	MLTM-S-2-4	-6.63943917448	1.39530759375	1.07006592958
2000	781	19	MLTM-S-3-4	-6.65991245646	3.50144538431	1.02849974904
2000	781	20	MLTM-M	-6.68345333266	2.46693882391	1.21276174688	2.49006503974	0.927013882007
2001	781	5	MH-APA	-6.47142210433	5.34894125911
2001	781	6	MH-APPA	-6.28192430477	3.23148785664
2001	781	7	MH-APAPA	-6.44871837504	5.38598931005
2001	781	8	MH-APVPA	-6.30134450371	3.64588874729
2001	781	9	MH-project	-6.32172837374	5.88153030442
2001	781	10	M-Sub-APA	-6.48038691764	2.06307917694	5.1821339421	2.95220032909
2001	781	11	M-Sub-APPA	-6.53956420322	3.6886776843	2.67744989118	2.40297858299
2001	781	12	M-Sub-APAPA	-6.49528347406	5.12302796104	1.78445057633	2.39669466697
2001	781	13	M-Sub-APVPA	-6.52806465003	3.74116908389	1.59144571982	2.65549222597
2001	781	14	MLTM-S-1-2	-6.47747995851	5.26177346844	1.75799876043
2001	781	15	MLTM-S-1-3	-6.52151123466	3.80896553724	2.68928474021
2001	781	16	MLTM-S-1-4	-6.48891871325	5.21144074365	2.36942807578
2001	781	17	MLTM-S-2-3	-6.45778959245	2.05389493935	5.29562307918
2001	781	18	MLTM-S-2-4	-6.30870535656	3.20339167253	3.63000085246
2001	781	19	MLTM-S-3-4	-6.47119253706	5.27168571815	2.94544524633
2001	781	20	MLTM-M	-6.54639677224	3.6212334146	1.61713121993	2.64231531069	2.42657604041
2002	781	5	MH-APA	-6.40443392334	4.48689604651
2002	781	6	MH-APPA	-6.19274567611	3.31926712542
2002	781	7	MH-APAPA	-6.38857317315	5.29760069585
2002	781	8	MH-APVPA	-6.23103654001	4.26476698665
2002	781	9	MH-project	-6.2541894978	5.5293216277
2002	781	10	M-Sub-APA	-6.43279372559	1.98812921142	5.03333778416	2.89274966754
2002	781	11	M-Sub-APPA	-6.47399585716	2.76942270832	2.96155591008	1.71987895794
2002	781	12	M-Sub-APAPA	-6.41983791129	4.27728773776	1.49999494297	1.05638792644
2002	781	13	M-Sub-APVPA	-6.45948318487	2.90484873146	1.34532298319	2.87643096962
2002	781	14	MLTM-S-1-2	-6.4094903496	4.40603449319	1.47988552143
2002	781	15	MLTM-S-1-3	-6.45443306859	2.9917720592	2.87643195005
2002	781	16	MLTM-S-1-4	-6.4142628123	4.36296737616	1.0195446109
2002	781	17	MLTM-S-2-3	-6.39850401263	2.08054029293	5.20767210742
2002	781	18	MLTM-S-2-4	-6.24298973279	3.17275982369	4.20425951291
2002	781	19	MLTM-S-3-4	-6.4233711949	5.11811112725	2.93878822746
2002	781	20	MLTM-M	-6.47924213489	2.685405169	1.34196328599	2.95742632703	1.73431925269
2003	781	5	MH-APA	-5.93739448101	4.24168808944
2003	781	6	MH-APPA	-5.79358041176	4.50617804991
2003	781	7	MH-APAPA	-5.92052560573	4.74772292418
2003	781	8	MH-APVPA	-5.85583398015	6.92331354046
2003	781	9	MH-project	-5.88982247279	8.78501344178
2003	781	10	M-Sub-APA	-5.99875434538	2.36431524208	4.1730237774	5.14444534916
2003	781	11	M-Sub-APPA	-6.02427790202	2.79567844228	2.09938518432	4.58326164992
2003	781	12	M-Sub-APAPA	-6.00454765432	3.74049722253	1.96320521287	4.72206036011
2003	781	13	M-Sub-APVPA	-5.97602313244	2.89972164388	1.81589390424	2.15192762146
2003	781	14	MLTM-S-1-2	-5.94661469384	4.05207311665	2.08321372329
2003	781	15	MLTM-S-1-3	-5.96847507775	3.04613014294	2.21159376601
2003	781	16	MLTM-S-1-4	-5.99683865307	3.91611604721	4.8321076194
2003	781	17	MLTM-S-2-3	-5.93349605818	2.50718255906	4.51796961311
2003	781	18	MLTM-S-2-4	-5.88122489769	4.14230823437	6.62177144849
2003	781	19	MLTM-S-3-4	-5.98708269669	4.38715568223	5.26397178904
2003	781	20	MLTM-M	-6.03091593735	2.65288910556	1.73190311598	2.05032972922	4.50819879106
2004	781	5	MH-APA	-6.18158997398	4.99909214034
2004	781	6	MH-APPA	-5.84884956417	5.14454377202
2004	781	7	MH-APAPA	-6.16184635058	5.66721745273
2004	781	8	MH-APVPA	-5.97523167887	8.23174711172
2004	781	9	MH-project	-6.07508148694	9.95677126123
2004	781	10	M-Sub-APA	-6.29476439606	3.13494964736	4.95486267733	4.59069231524
2004	781	11	M-Sub-APPA	-6.3090660196	3.04221112598	2.79776647809	2.99471334957
2004	781	12	M-Sub-APAPA	-6.25827693946	4.45412692102	3.17129420199	2.56465625997
2004	781	13	M-Sub-APVPA	-6.27409337186	3.29216988689	2.57282133534	2.60356150573
2004	781	14	MLTM-S-1-2	-6.2150382504	4.783319573	3.12259542358
2004	781	15	MLTM-S-1-3	-6.25230941981	3.42901646029	2.73796864348
2004	781	16	MLTM-S-1-4	-6.21910785352	4.69598769418	2.35194117272
2004	781	17	MLTM-S-2-3	-6.19968220389	3.2153679842	5.39579568532
2004	781	18	MLTM-S-2-4	-6.040973319	4.70099418647	7.9578053434
2004	781	19	MLTM-S-3-4	-6.25583052593	5.22128339709	4.57899964981
2004	781	20	MLTM-M	-6.33545787064	2.88650319807	2.61258176344	2.66340109079	3.15557952081
2005	781	5	MH-APA	-6.09724730203	4.193759698
2005	781	6	MH-APPA	-5.89886312246	4.55125814949
2005	781	7	MH-APAPA	-6.06272014382	4.52680031642
2005	781	8	MH-APVPA	-5.98228094617	5.99961227574
2005	781	9	MH-project	-6.0177727159	6.64451618251
2005	781	10	M-Sub-APA	-6.14597006204	1.89188887085	3.83750298527	3.47823413983
2005	781	11	M-Sub-APPA	-6.16158754702	2.83584532615	1.68542000278	2.27396748854
2005	781	12	M-Sub-APAPA	-6.13180233781	3.72573251591	1.6054078044	1.59875513606
2005	781	13	M-Sub-APVPA	-6.1306651782	3.09004234403	1.59771469173	1.4626444242
2005	781	14	MLTM-S-1-2	-6.10841284603	3.95063293671	1.78874462366
2005	781	15	MLTM-S-1-3	-6.12260643874	3.24615957463	1.57070705984
2005	781	16	MLTM-S-1-4	-6.12736656409	3.89551903374	1.91842067088
2005	781	17	MLTM-S-2-3	-6.07920534607	2.29230406079	4.18561392299
2005	781	18	MLTM-S-2-4	-6.00667391324	3.68509906475	4.9671580651
2005	781	19	MLTM-S-3-4	-6.14116991747	4.07480610669	3.92072430561
2005	781	20	MLTM-M	-6.16311914515	2.73352722653	1.36760741149	1.60098656031	1.98361699758
2006	781	5	MH-APA	-6.18861876759	4.94142036773
2006	781	6	MH-APPA	-5.8965097994	4.89613050088
2006	781	7	MH-APAPA	-6.10230072199	5.05644345596
2006	781	8	MH-APVPA	-6.0747411573	9.68383215873
2006	781	9	MH-project	-6.13510456055	10.5074614459
2006	781	10	M-Sub-APA	-6.25937418366	2.31455240325	4.0086055735	6.75633409959
2006	781	11	M-Sub-APPA	-6.30169009086	3.87901030847	1.00126707928	4.85074855827
2006	781	12	M-Sub-APAPA	-6.29637597497	4.21766500506	1.78611678543	4.96341147519
2006	781	13	M-Sub-APVPA	-6.21900361608	4.31620115578	1.55005564722	0.859665256712
2006	781	14	MLTM-S-1-2	-6.20306803348	4.75782018199	1.78328517236
2006	781	15	MLTM-S-1-3	-6.21178552572	4.36860978531	1.06716622113
2006	781	16	MLTM-S-1-4	-6.28015926901	4.40938352788	4.91755573626
2006	781	17	MLTM-S-2-3	-6.12089166207	2.42910659	4.7369622629
2006	781	18	MLTM-S-2-4	-6.12815932118	4.24381273409	9.34685390148
2006	781	19	MLTM-S-3-4	-6.24167627119	4.32690273057	6.77922541436
2006	781	20	MLTM-M	-6.31104186625	3.81328167029	1.58028730457	0.794677960506	4.91668990116
1997	948	5	MH-APA	-7.46703808578	5.55774853335
1997	948	6	MH-APPA	-7.43256460132	2.67932659274
1997	948	7	MH-APAPA	-7.44410687227	4.70287029474
1997	948	8	MH-APVPA	-7.43027994283	0.333776876471
1997	948	9	MH-project	-7.43140537761	1.2481808833
1997	948	10	M-Sub-APA	-7.4520370096	2.59218935479	4.62844356662	0.325001687557
1997	948	11	M-Sub-APPA	-7.52714797465	4.43705277753	3.4467769561	0.298429466559
1997	948	12	M-Sub-APAPA	-7.48376193071	5.23240697197	2.23030566812	0.312873381384
1997	948	13	M-Sub-APVPA	-7.54068015452	4.16198362042	1.93491372312	3.31071813096
1997	948	14	MLTM-S-1-2	-7.48327392102	5.23457002962	2.23128633251
1997	948	15	MLTM-S-1-3	-7.52664549479	4.43906004333	3.4485916479
1997	948	16	MLTM-S-1-4	-7.4675136071	5.55576794467	0.319143691136
1997	948	17	MLTM-S-2-3	-7.45157404948	2.59266629114	4.62962777831
1997	948	18	MLTM-S-2-4	-7.43295532375	2.67918367175	0.332930980642
1997	948	19	MLTM-S-3-4	-7.4445478683	4.70189663544	0.327717113493
1997	948	20	MLTM-M	-7.54118078121	4.15999284534	1.93404185996	3.30901522503	0.293029037966
1998	948	5	MH-APA	-7.02543693834	6.63335825049
1998	948	6	MH-APPA	-6.85956703056	6.38770601917
1998	948	7	MH-APAPA	-6.98567076844	6.90866230295
1998	948	8	MH-APVPA	-6.82928291012	1.06489690409
1998	948	9	MH-project	-6.83727659206	4.31566097892
1998	948	10	M-Sub-APA	-7.03014390867	3.70277265628	5.9082801815	0.77128230089
1998	948	11	M-Sub-APPA	-7.10969462212	4.35832774987	3.54113336216	0.672980023507
1998	948	12	M-Sub-APAPA	-7.05664924023	5.67814551646	2.98578508148	0.724481092746
1998	948	13	M-Sub-APVPA	-7.12550854861	3.80585766815	2.50414209834	3.30262220436
1998	948	14	MLTM-S-1-2	-7.05451848494	5.69766659431	2.99494403979
1998	948	15	MLTM-S-1-3	-7.1078606554	4.37293224337	3.55106919155
1998	948	16	MLTM-S-1-4	-7.02761768483	6.60976650881	0.765227991439
1998	948	17	MLTM-S-2-3	-7.02768514941	3.71958770543	5.92875879656
1998	948	18	MLTM-S-2-4	-6.86224116214	6.36839427327	1.0099640622
1998	948	19	MLTM-S-3-4	-6.98828128109	6.88497794107	0.858078311456
1998	948	20	MLTM-M	-7.12730053454	3.79407563338	2.49650888533	3.29230320684	0.638558836085
1999	948	5	MH-APA	-6.59832065002	6.03655698638
1999	948	6	MH-APPA	-6.47280953302	6.45160844474
1999	948	7	MH-APAPA	-6.56685202365	5.86239762587
1999	948	8	MH-APVPA	-6.4419160307	2.32798162316
1999	948	9	MH-project	-6.45341486986	4.97945590157
1999	948	10	M-Sub-APA	-6.60122044751	3.65152326188	4.84835161077	1.85727819135
1999	948	11	M-Sub-APPA	-6.6512465772	4.25998663348	2.649562256	1.41162683506
1999	948	12	M-Sub-APAPA	-6.62184777283	5.17793596633	2.57348928204	1.52795235681
1999	948	13	M-Sub-APVPA	-6.65655231971	3.85334389723	2.20940089249	2.41264350494
1999	948	14	MLTM-S-1-2	-6.61574073164	5.27443093706	2.56570254027
1999	948	15	MLTM-S-1-3	-6.64630477771	4.33817331035	2.66596143802
1999	948	16	MLTM-S-1-4	-6.6040485257	5.93959596995	1.48743043931
1999	948	17	MLTM-S-2-3	-6.59388366863	3.70153042486	4.90615470726
1999	948	18	MLTM-S-2-4	-6.4813743113	6.38041971953	2.20481192728
1999	948	19	MLTM-S-3-4	-6.57469816789	5.7948808652	1.99308406111
1999	948	20	MLTM-M	-6.66176111883	3.77862339401	2.21717830053	2.38967066942	1.44225208226
2000	948	5	MH-APA	-6.40159476111	6.43664131163
2000	948	6	MH-APPA	-6.22763497785	7.6457978706
2000	948	7	MH-APAPA	-6.34866906878	6.77728986612
2000	948	8	MH-APVPA	-6.10837983251	6.35914202446
2000	948	9	MH-project	-6.15152317739	10.2501886076
2000	948	10	M-Sub-APA	-6.44318194695	4.33782829078	5.40814425986	3.95382437947
2000	948	11	M-Sub-APPA	-6.46643585342	4.59978115341	2.41137102702	3.36138751447
2000	948	12	M-Sub-APAPA	-6.4533586346	5.29125175326	2.94818453848	3.41950556337
2000	948	13	M-Sub-APVPA	-6.47809950565	3.90482911347	3.04339968389	2.54316743846
2000	948	14	MLTM-S-1-2	-6.43154888464	5.56063669408	2.97757995806
2000	948	15	MLTM-S-1-3	-6.44676501388	4.84054016757	2.45727289937
2000	948	16	MLTM-S-1-4	-6.42260867388	6.15506870684	3.47562487326
2000	948	17	MLTM-S-2-3	-6.41590350612	4.53028550838	5.64660434454
2000	948	18	MLTM-S-2-4	-6.26271885978	7.21120970275	5.04329876156
2000	948	19	MLTM-S-3-4	-6.37893703323	6.47110130207	4.49368406048
2000	948	20	MLTM-M	-6.49820989942	3.69569310621	3.00083807277	2.47961576605	3.27377090543
2001	948	5	MH-APA	-6.51060378697	6.27666986976
2001	948	6	MH-APPA	-6.39627064991	6.86536125362
2001	948	7	MH-APAPA	-6.42916028568	6.3233566667
2001	948	8	MH-APVPA	-6.19143170375	8.81198875696
2001	948	9	MH-project	-6.27926502798	11.1871714804
2001	948	10	M-Sub-APA	-6.54962126827	3.91185489489	4.14876670069	2.58608550379
2001	948	11	M-Sub-APPA	-6.59021650861	4.61701401471	1.85169208945	3.57602526218
2001	948	12	M-Sub-APAPA	-6.58352495722	4.60367704292	2.79982446204	2.63436573893
2001	948	13	M-Sub-APVPA	-6.58740732153	3.87439949937	2.85293158092	1.53831053011
2001	948	14	MLTM-S-1-2	-6.56012594211	4.75828386465	3.16006245882
2001	948	15	MLTM-S-1-3	-6.55897448789	4.89268861781	2.09660452952
2001	948	16	MLTM-S-1-4	-6.55049664202	5.79903444995	3.98715436671
2001	948	17	MLTM-S-2-3	-6.52822296039	4.28572685296	4.33640020986
2001	948	18	MLTM-S-2-4	-6.43188224306	6.1617576053	3.75618854895
2001	948	19	MLTM-S-3-4	-6.4794753059	5.70993590991	4.83560363586
2001	948	20	MLTM-M	-6.60629874946	3.82597805905	2.53959237117	1.38242236071	2.4063027295
2002	948	5	MH-APA	-6.52515900236	5.8085676571
2002	948	6	MH-APPA	-6.39821423954	6.74249378333
2002	948	7	MH-APAPA	-6.43699996806	6.11920294676
2002	948	8	MH-APVPA	-6.19755865197	8.42169562474
2002	948	9	MH-project	-6.2977731347	10.9785943233
2002	948	10	M-Sub-APA	-6.56721612722	4.12238048204	3.84023301593	2.65382333372
2002	948	11	M-Sub-APPA	-6.59868442013	4.42535117222	1.73168069303	2.91624031917
2002	948	12	M-Sub-APAPA	-6.58378307425	4.20887211071	2.81472249594	2.03162694805
2002	948	13	M-Sub-APVPA	-6.58977416744	3.63776766689	2.77766436875	1.37949736887
2002	948	14	MLTM-S-1-2	-6.56294267618	4.36409279563	3.0110781211
2002	948	15	MLTM-S-1-3	-6.56809333545	4.73120922453	1.78987491122
2002	948	16	MLTM-S-1-4	-6.55718666807	5.45093107989	3.0472292501
2002	948	17	MLTM-S-2-3	-6.53682815528	4.4611616086	4.01547787406
2002	948	18	MLTM-S-2-4	-6.44646010997	6.13760873082	3.83446359077
2002	948	19	MLTM-S-3-4	-6.49951864484	5.61771037603	4.83548768055
2002	948	20	MLTM-M	-6.61056856234	3.50028889225	2.57929013405	1.36008170557	1.99648346891
2003	948	5	MH-APA	-6.49680528064	6.3349613464
2003	948	6	MH-APPA	-6.31562157563	8.13159139663
2003	948	7	MH-APAPA	-6.41601584611	6.48351159164
2003	948	8	MH-APVPA	-6.12581765845	11.3402900139
2003	948	9	MH-project	-6.30002321932	14.0603306295
2003	948	10	M-Sub-APA	-6.61577006511	4.52821980544	4.46587574687	4.68806013297
2003	948	11	M-Sub-APPA	-6.61681579642	4.45741880718	2.18838566584	4.22696028575
2003	948	12	M-Sub-APAPA	-6.61026547237	4.58414547985	3.41729950618	4.07896657272
2003	948	13	M-Sub-APVPA	-6.60003996397	3.77375814764	3.28308536665	1.99844413955
2003	948	14	MLTM-S-1-2	-6.55382943182	4.96549571859	3.59940348007
2003	948	15	MLTM-S-1-3	-6.56389575734	4.80797518272	2.36037969837
2003	948	16	MLTM-S-1-4	-6.55673195745	5.84081262961	4.62274454486
2003	948	17	MLTM-S-2-3	-6.5464208654	4.92632028971	4.85130470125
2003	948	18	MLTM-S-2-4	-6.43170561513	7.15041900791	6.85210823346
2003	948	19	MLTM-S-3-4	-6.51504112156	5.86935950555	6.28586237894
2003	948	20	MLTM-M	-6.65002745581	3.51962764716	3.12853522805	1.82446153256	3.81329390947
2004	948	5	MH-APA	-6.36774603693	5.83116723338
2004	948	6	MH-APPA	-6.15009494109	7.06799207217
2004	948	7	MH-APAPA	-6.36082583697	6.41740624082
2004	948	8	MH-APVPA	-6.09359402074	9.6229753115
2004	948	9	MH-project	-6.2375988773	12.1429128669
2004	948	10	M-Sub-APA	-6.47773039327	3.35133733654	5.03140716465	3.74832222635
2004	948	11	M-Sub-APPA	-6.47581942228	3.72510343551	2.52511341543	3.34485530196
2004	948	12	M-Sub-APAPA	-6.44262466019	4.68185145578	2.54986685032	3.21376577835
2004	948	13	M-Sub-APVPA	-6.45745587923	3.29257733519	2.5650255119	2.5757098014
2004	948	14	MLTM-S-1-2	-6.39965207537	4.99936145289	2.74259398388
2004	948	15	MLTM-S-1-3	-6.43075999662	4.03064496547	2.64038717003
2004	948	16	MLTM-S-1-4	-6.41772813938	5.4135731879	3.65852367501
2004	948	17	MLTM-S-2-3	-6.42363076696	3.68525993149	5.38669528604
2004	948	18	MLTM-S-2-4	-6.26259762054	6.08685212758	6.73865118193
2004	948	19	MLTM-S-3-4	-6.43286514413	5.89032228004	4.66937877717
2004	948	20	MLTM-M	-6.49700782765	3.05907173032	2.39857299862	2.48224876045	2.95828467825
2005	948	5	MH-APA	-6.2913885042	5.98401427712
2005	948	6	MH-APPA	-6.03902787824	7.11264197377
2005	948	7	MH-APAPA	-6.24899945886	6.38136850731
2005	948	8	MH-APVPA	-6.02411603737	10.9782246686
2005	948	9	MH-project	-6.19303150503	13.5592129063
2005	948	10	M-Sub-APA	-6.40459648686	3.91340416001	5.06589710838	4.49381466814
2005	948	11	M-Sub-APPA	-6.40166151604	4.37275281126	1.89317088877	4.09511302243
2005	948	12	M-Sub-APAPA	-6.39142047527	4.86997740116	2.97683479206	3.81391313975
2005	948	13	M-Sub-APVPA	-6.37829606872	3.94088654043	3.04176637647	1.93682982453
2005	948	14	MLTM-S-1-2	-6.33312185435	5.17616879475	3.17331189667
2005	948	15	MLTM-S-1-3	-6.34039250916	4.69321366474	1.9936975638
2005	948	16	MLTM-S-1-4	-6.35792350893	5.57713927171	4.3794022402
2005	948	17	MLTM-S-2-3	-6.33364826551	4.29793355952	5.39692990548
2005	948	18	MLTM-S-2-4	-6.17344721039	6.21372180336	7.68843319642
2005	948	19	MLTM-S-3-4	-6.34957358458	5.85509043053	5.89138484723
2005	948	20	MLTM-M	-6.43096470455	3.72886666489	2.8576176824	1.82908444432	3.53767260865
2006	948	5	MH-APA	-6.38490336801	6.08948847704
2006	948	6	MH-APPA	-6.04854667008	7.26369475184
2006	948	7	MH-APAPA	-6.33669337214	6.52456643296
2006	948	8	MH-APVPA	-6.06597700647	10.9341462878
2006	948	9	MH-project	-6.24074716806	13.2182943926
2006	948	10	M-Sub-APA	-6.51439409865	4.02222737591	5.37654813448	4.4676249486
2006	948	11	M-Sub-APPA	-6.50698100978	4.62926610292	1.72628995019	4.05664625159
2006	948	12	M-Sub-APAPA	-6.49775245169	5.10975386004	2.9622227125	3.90079627962
2006	948	13	M-Sub-APVPA	-6.48459551819	4.15500114503	3.07244840598	1.96270329774
2006	948	14	MLTM-S-1-2	-6.4299811596	5.41682003269	3.13805729657
2006	948	15	MLTM-S-1-3	-6.43837076657	4.87089878124	1.89816499449
2006	948	16	MLTM-S-1-4	-6.46462358572	5.70737424885	4.48146088443
2006	948	17	MLTM-S-2-3	-6.43457212064	4.32164016336	5.74737470781
2006	948	18	MLTM-S-2-4	-6.22998049955	6.40214127064	8.53526228117
2006	948	19	MLTM-S-3-4	-6.44719443747	6.0215924451	5.70398404013
2006	948	20	MLTM-M	-6.54239844403	3.97834259989	2.92036327643	1.80937162276	3.48580565633
2007	948	5	MH-APA	-6.54066395563	5.88263271075
2007	948	6	MH-APPA	-6.2015503389	6.63077634708
2007	948	7	MH-APAPA	-6.51803522645	6.4358615987
2007	948	8	MH-APVPA	-6.25273698853	10.0666404453
2007	948	9	MH-project	-6.40154665469	12.6136943117
2007	948	10	M-Sub-APA	-6.64786811173	3.38304084806	5.49528583273	4.11367985595
2007	948	11	M-Sub-APPA	-6.68134680998	4.33090882095	2.15854431402	3.64638012725
2007	948	12	M-Sub-APAPA	-6.62978184737	5.1848818464	2.23209949308	3.5538559338
2007	948	13	M-Sub-APVPA	-6.63282487232	4.11862585719	2.2556178113	2.19686186973
2007	948	14	MLTM-S-1-2	-6.56450236101	5.40296370319	2.43785021347
2007	948	15	MLTM-S-1-3	-6.61546474304	4.51825003185	2.28557693652
2007	948	16	MLTM-S-1-4	-6.61716005108	5.59037236784	4.09663594061
2007	948	17	MLTM-S-2-3	-6.56991323876	3.68154407192	5.76617233977
2007	948	18	MLTM-S-2-4	-6.35992115435	5.91555217793	7.64029360678
2007	948	19	MLTM-S-3-4	-6.61686293517	6.0526653507	5.04972123191
2007	948	20	MLTM-M	-6.68937407319	3.98318120102	2.07689364174	2.09399506956	3.16364607411
2008	948	5	MH-APA	-6.28112204506	5.76525540601
2008	948	6	MH-APPA	-6.05135635705	8.63821686187
2008	948	7	MH-APAPA	-6.27857410191	6.32074329481
2008	948	8	MH-APVPA	-6.09497240565	12.333827736
2008	948	9	MH-project	-6.24622428457	14.7057580826
2008	948	10	M-Sub-APA	-6.46626855383	5.07365353346	5.20635177996	5.20120209897
2008	948	11	M-Sub-APPA	-6.44849150097	3.89976090112	2.45109903672	5.28475421507
2008	948	12	M-Sub-APAPA	-6.41647937823	4.73456883781	4.15384143092	4.61670954085
2008	948	13	M-Sub-APVPA	-6.40712344925	3.48507848407	4.27904200637	2.53359519251
2008	948	14	MLTM-S-1-2	-6.33733901389	5.01728506599	4.48516536097
2008	948	15	MLTM-S-1-3	-6.35775633436	4.20679254943	2.57921117828
2008	948	16	MLTM-S-1-4	-6.3848780605	5.3481099293	5.86260812201
2008	948	17	MLTM-S-2-3	-6.37396736416	5.55268191648	5.50892910975
2008	948	18	MLTM-S-2-4	-6.22791765246	7.55057841306	8.91429255687
2008	948	19	MLTM-S-3-4	-6.41659010413	5.83733038889	7.19691163823
2008	948	20	MLTM-M	-6.47548188145	3.29978369591	3.98813899913	2.42336172804	4.10604170433
2009	948	5	MH-APA	-6.32289957313	5.59280725893
2009	948	6	MH-APPA	-6.08515359187	7.74323976842
2009	948	7	MH-APAPA	-6.32966513174	6.39078672962
2009	948	8	MH-APVPA	-6.10384029155	10.8866749188
2009	948	9	MH-project	-6.2804427611	14.7569792363
2009	948	10	M-Sub-APA	-6.48583114294	4.4704294028	5.23403802115	4.66175023619
2009	948	11	M-Sub-APPA	-6.4749337042	3.8129411871	2.57139469805	4.219705934
2009	948	12	M-Sub-APAPA	-6.43400432125	4.61176449414	3.50899321901	4.02505094307
2009	948	13	M-Sub-APVPA	-6.42931402184	3.33370967981	3.37698167425	2.55190244582
2009	948	14	MLTM-S-1-2	-6.3625346482	4.81159596012	3.68465868491
2009	948	15	MLTM-S-1-3	-6.40135401588	4.0007191176	2.67532698017
2009	948	16	MLTM-S-1-4	-6.40772959103	5.31805430957	4.73050765081
2009	948	17	MLTM-S-2-3	-6.40116041714	4.72708359521	5.48370822247
2009	948	18	MLTM-S-2-4	-6.25246019508	7.11035736408	8.33610662846
2009	948	19	MLTM-S-3-4	-6.43965202003	6.03667878587	5.88079428104
2009	948	20	MLTM-M	-6.49304299769	3.19261815991	3.23442404705	2.47233771369	3.64636176884
